4.000000000000000000e+01 9.999999999999998890e-01 0.000000000000000000e+00 0.000000000000000000e+00 0.000000000000000000e+00 0.000000000000000000e+00 0.000000000000000000e+00 0.000000000000000000e+00 0.000000000000000000e+00 0.000000000000000000e+00 0.000000000000000000e+00 0.000000000000000000e+00
4.036789297658862807e+01 9.407053612375700924e-01 5.884162369548427696e-02 4.530150669455581722e-04 0.000000000000000000e+00 0.000000000000000000e+00 0.000000000000000000e+00 0.000000000000000000e+00 0.000000000000000000e+00 0.000000000000000000e+00 0.000000000000000000e+00 0.000000000000000000e+00
4.073578595317725615e+01 8.832227827429225409e-01 1.149651569892952141e-01 1.812060267782232689e-03 0.000000000000000000e+00 0.000000000000000000e+00 0.000000000000000000e+00 0.000000000000000000e+00 0.000000000000000000e+00 0.000000000000000000e+00 0.000000000000000000e+00 0.000000000000000000e+00
4.110367892976588422e+01 8.275522645160571233e-01 1.683705998814327975e-01 4.077135602510023604e-03 0.000000000000000000e+00 0.000000000000000000e+00 0.000000000000000000e+00 0.000000000000000000e+00 0.000000000000000000e+00 0.000000000000000000e+00 0.000000000000000000e+00 0.000000000000000000e+00
4.147157190635451229e+01 7.736938065569740619e-01 2.190579523718970134e-01 7.248241071128930756e-03 0.000000000000000000e+00 0.000000000000000000e+00 0.000000000000000000e+00 0.000000000000000000e+00 0.000000000000000000e+00 0.000000000000000000e+00 0.000000000000000000e+00 0.000000000000000000e+00
4.183946488294314037e+01 7.216474088656731345e-01 2.670272144606878895e-01 1.132537667363895523e-02 0.000000000000000000e+00 0.000000000000000000e+00 0.000000000000000000e+00 0.000000000000000000e+00 0.000000000000000000e+00 0.000000000000000000e+00 0.000000000000000000e+00 0.000000000000000000e+00
4.220735785953177555e+01 6.714130714421534529e-01 3.122783861478062861e-01 1.630854241004020197e-02 0.000000000000000000e+00 0.000000000000000000e+00 0.000000000000000000e+00 0.000000000000000000e+00 0.000000000000000000e+00 0.000000000000000000e+00 0.000000000000000000e+00 0.000000000000000000e+00
4.257525083612040362e+01 6.229907942864170156e-01 3.548114674332504270e-01 2.219773828033247409e-02 0.000000000000000000e+00 0.000000000000000000e+00 0.000000000000000000e+00 0.000000000000000000e+00 0.000000000000000000e+00 0.000000000000000000e+00 0.000000000000000000e+00 0.000000000000000000e+00
4.294314381270903169e+01 5.763805773984628233e-01 3.946264583170212559e-01 2.899296428451586527e-02 0.000000000000000000e+00 0.000000000000000000e+00 0.000000000000000000e+00 0.000000000000000000e+00 0.000000000000000000e+00 0.000000000000000000e+00 0.000000000000000000e+00 0.000000000000000000e+00
4.331103678929765977e+01 5.315824207782908761e-01 4.317233587991186616e-01 3.669422042259037203e-02 0.000000000000000000e+00 0.000000000000000000e+00 0.000000000000000000e+00 0.000000000000000000e+00 0.000000000000000000e+00 0.000000000000000000e+00 0.000000000000000000e+00 0.000000000000000000e+00
4.367892976588628784e+01 4.885963244259011740e-01 4.661021688795426998e-01 4.530150669455599438e-02 0.000000000000000000e+00 0.000000000000000000e+00 0.000000000000000000e+00 0.000000000000000000e+00 0.000000000000000000e+00 0.000000000000000000e+00 0.000000000000000000e+00 0.000000000000000000e+00
4.404682274247491591e+01 4.474222883412937724e-01 4.977628885582934815e-01 5.481482310041273232e-02 0.000000000000000000e+00 0.000000000000000000e+00 0.000000000000000000e+00 0.000000000000000000e+00 0.000000000000000000e+00 0.000000000000000000e+00 0.000000000000000000e+00 0.000000000000000000e+00
4.441471571906354399e+01 4.080603125244684493e-01 5.267055178353708955e-01 6.523416964016059971e-02 0.000000000000000000e+00 0.000000000000000000e+00 0.000000000000000000e+00 0.000000000000000000e+00 0.000000000000000000e+00 0.000000000000000000e+00 0.000000000000000000e+00 0.000000000000000000e+00
4.478260869565217206e+01 3.705103969754254267e-01 5.529300567107748865e-01 7.655954631379956188e-02 0.000000000000000000e+00 0.000000000000000000e+00 0.000000000000000000e+00 0.000000000000000000e+00 0.000000000000000000e+00 0.000000000000000000e+00 0.000000000000000000e+00 0.000000000000000000e+00
4.515050167224080013e+01 3.347725416941647048e-01 5.764365051845055099e-01 8.879095312132964657e-02 0.000000000000000000e+00 0.000000000000000000e+00 0.000000000000000000e+00 0.000000000000000000e+00 0.000000000000000000e+00 0.000000000000000000e+00 0.000000000000000000e+00 0.000000000000000000e+00
4.551839464882942821e+01 3.008467466806861168e-01 5.972248632565629878e-01 1.019283900627508677e-01 0.000000000000000000e+00 0.000000000000000000e+00 0.000000000000000000e+00 0.000000000000000000e+00 0.000000000000000000e+00 0.000000000000000000e+00 0.000000000000000000e+00 0.000000000000000000e+00
4.588628762541806339e+01 2.687330119349892188e-01 6.152951309269472091e-01 1.159718571380634611e-01 0.000000000000000000e+00 0.000000000000000000e+00 0.000000000000000000e+00 0.000000000000000000e+00 0.000000000000000000e+00 0.000000000000000000e+00 0.000000000000000000e+00 0.000000000000000000e+00
4.625418060200669146e+01 2.384313374570751487e-01 6.306473081956578408e-01 1.309213543472669272e-01 0.000000000000000000e+00 0.000000000000000000e+00 0.000000000000000000e+00 0.000000000000000000e+00 0.000000000000000000e+00 0.000000000000000000e+00 0.000000000000000000e+00 0.000000000000000000e+00
4.662207357859531953e+01 2.099417232469433514e-01 6.432813950626951049e-01 1.467768816903614881e-01 0.000000000000000000e+00 0.000000000000000000e+00 0.000000000000000000e+00 0.000000000000000000e+00 0.000000000000000000e+00 0.000000000000000000e+00 0.000000000000000000e+00 0.000000000000000000e+00
4.698996655518394761e+01 1.832641693045937992e-01 6.531973915280588905e-01 1.635384391673471716e-01 0.000000000000000000e+00 0.000000000000000000e+00 0.000000000000000000e+00 0.000000000000000000e+00 0.000000000000000000e+00 0.000000000000000000e+00 0.000000000000000000e+00 0.000000000000000000e+00
4.735785953177257568e+01 1.583986756300264365e-01 6.603952975917495305e-01 1.812060267782239775e-01 0.000000000000000000e+00 0.000000000000000000e+00 0.000000000000000000e+00 0.000000000000000000e+00 0.000000000000000000e+00 0.000000000000000000e+00 0.000000000000000000e+00 0.000000000000000000e+00
4.772575250836120375e+01 1.353452422232413466e-01 6.648751132537668029e-01 1.997796445229919338e-01 0.000000000000000000e+00 0.000000000000000000e+00 0.000000000000000000e+00 0.000000000000000000e+00 0.000000000000000000e+00 0.000000000000000000e+00 0.000000000000000000e+00 0.000000000000000000e+00
4.809364548494983183e+01 1.141038690842384462e-01 6.666368385141105968e-01 2.192592924016509293e-01 0.000000000000000000e+00 0.000000000000000000e+00 0.000000000000000000e+00 0.000000000000000000e+00 0.000000000000000000e+00 0.000000000000000000e+00 0.000000000000000000e+00 0.000000000000000000e+00
4.846153846153845990e+01 9.467455621301780477e-02 6.656804733727810230e-01 2.396449704142011028e-01 0.000000000000000000e+00 0.000000000000000000e+00 0.000000000000000000e+00 0.000000000000000000e+00 0.000000000000000000e+00 0.000000000000000000e+00 0.000000000000000000e+00 0.000000000000000000e+00
4.882943143812708797e+01 7.705730360957939451e-02 6.620060178297781928e-01 2.609366785606423988e-01 0.000000000000000000e+00 0.000000000000000000e+00 0.000000000000000000e+00 0.000000000000000000e+00 0.000000000000000000e+00 0.000000000000000000e+00 0.000000000000000000e+00 0.000000000000000000e+00
4.919732441471571605e+01 6.125211127392320848e-02 6.556134718851019949e-01 2.831344168409747342e-01 0.000000000000000000e+00 0.000000000000000000e+00 0.000000000000000000e+00 0.000000000000000000e+00 0.000000000000000000e+00 0.000000000000000000e+00 0.000000000000000000e+00 0.000000000000000000e+00
4.956521739130434412e+01 4.725897920604926056e-02 6.465028355387524295e-01 3.062381852551982475e-01 0.000000000000000000e+00 0.000000000000000000e+00 0.000000000000000000e+00 0.000000000000000000e+00 0.000000000000000000e+00 0.000000000000000000e+00 0.000000000000000000e+00 0.000000000000000000e+00
4.993311036789297930e+01 3.507790740595732176e-02 6.346741087907292744e-01 3.302479838033133830e-01 0.000000000000000000e+00 0.000000000000000000e+00 0.000000000000000000e+00 0.000000000000000000e+00 0.000000000000000000e+00 0.000000000000000000e+00 0.000000000000000000e+00 0.000000000000000000e+00
5.030100334448160027e+01 2.470889587364805476e-02 6.201272916410331959e-01 3.551638124853185863e-01 0.000000000000000000e+00 0.000000000000000000e+00 0.000000000000000000e+00 0.000000000000000000e+00 0.000000000000000000e+00 0.000000000000000000e+00 0.000000000000000000e+00 0.000000000000000000e+00
5.066889632107023544e+01 1.615194460912066157e-02 6.028623840896633057e-01 3.809856713012160223e-01 0.000000000000000000e+00 0.000000000000000000e+00 0.000000000000000000e+00 0.000000000000000000e+00 0.000000000000000000e+00 0.000000000000000000e+00 0.000000000000000000e+00 0.000000000000000000e+00
5.103678929765886352e+01 9.407053612375678234e-03 5.828793861366202700e-01 4.077135602510039702e-01 0.000000000000000000e+00 0.000000000000000000e+00 0.000000000000000000e+00 0.000000000000000000e+00 0.000000000000000000e+00 0.000000000000000000e+00 0.000000000000000000e+00 0.000000000000000000e+00
5.140468227424749159e+01 4.474222883412929536e-03 5.601782977819038667e-01 4.353474793346830962e-01 0.000000000000000000e+00 0.000000000000000000e+00 0.000000000000000000e+00 0.000000000000000000e+00 0.000000000000000000e+00 0.000000000000000000e+00 0.000000000000000000e+00 0.000000000000000000e+00
5.177257525083611966e+01 1.353452422232413310e-03 5.347591190255142068e-01 4.638874285522532892e-01 0.000000000000000000e+00 0.000000000000000000e+00 0.000000000000000000e+00 0.000000000000000000e+00 0.000000000000000000e+00 0.000000000000000000e+00 0.000000000000000000e+00 0.000000000000000000e+00
5.214046822742474774e+01 4.474222883413007056e-05 5.066218498674511794e-01 4.933334079037146047e-01 0.000000000000000000e+00 0.000000000000000000e+00 0.000000000000000000e+00 0.000000000000000000e+00 0.000000000000000000e+00 0.000000000000000000e+00 0.000000000000000000e+00 0.000000000000000000e+00
5.250836120401337581e+01 0.000000000000000000e+00 4.768626749141509635e-01 5.228632789342400056e-01 2.740461516090399500e-04 0.000000000000000000e+00 0.000000000000000000e+00 0.000000000000000000e+00 0.000000000000000000e+00 0.000000000000000000e+00 0.000000000000000000e+00 0.000000000000000000e+00
5.287625418060200388e+01 0.000000000000000000e+00 4.479200456370735495e-01 5.506482030402343186e-01 1.431751322692131683e-03 0.000000000000000000e+00 0.000000000000000000e+00 0.000000000000000000e+00 0.000000000000000000e+00 0.000000000000000000e+00 0.000000000000000000e+00 0.000000000000000000e+00
5.324414715719063906e+01 0.000000000000000000e+00 4.198834464938867028e-01 5.766210668784468307e-01 3.495486627666388822e-03 0.000000000000000000e+00 0.000000000000000000e+00 0.000000000000000000e+00 0.000000000000000000e+00 0.000000000000000000e+00 0.000000000000000000e+00 0.000000000000000000e+00
5.361204013377926003e+01 0.000000000000000000e+00 3.927528774845920889e-01 6.007818704488760986e-01 6.465252066531664184e-03 0.000000000000000000e+00 0.000000000000000000e+00 0.000000000000000000e+00 0.000000000000000000e+00 0.000000000000000000e+00 0.000000000000000000e+00 0.000000000000000000e+00
5.397993311036789521e+01 0.000000000000000000e+00 3.665283386091875983e-01 6.231306137515242316e-01 1.034104763928819087e-02 0.000000000000000000e+00 0.000000000000000000e+00 0.000000000000000000e+00 0.000000000000000000e+00 0.000000000000000000e+00 0.000000000000000000e+00 0.000000000000000000e+00
5.434782608695652328e+01 0.000000000000000000e+00 3.412098298676746744e-01 6.436672967863895645e-01 1.512287334593576636e-02 0.000000000000000000e+00 0.000000000000000000e+00 0.000000000000000000e+00 0.000000000000000000e+00 0.000000000000000000e+00 0.000000000000000000e+00 0.000000000000000000e+00
5.471571906354515136e+01 0.000000000000000000e+00 3.167973512600528729e-01 6.623919195534726523e-01 2.081072918647445744e-02 0.000000000000000000e+00 0.000000000000000000e+00 0.000000000000000000e+00 0.000000000000000000e+00 0.000000000000000000e+00 0.000000000000000000e+00 0.000000000000000000e+00
5.508361204013377943e+01 0.000000000000000000e+00 2.932909027863222495e-01 6.793044820527734950e-01 2.740461516090426583e-02 0.000000000000000000e+00 0.000000000000000000e+00 0.000000000000000000e+00 0.000000000000000000e+00 0.000000000000000000e+00 0.000000000000000000e+00 0.000000000000000000e+00
5.545150501672240750e+01 0.000000000000000000e+00 2.706904844464826931e-01 6.944049842842922038e-01 3.490453126922520022e-02 0.000000000000000000e+00 0.000000000000000000e+00 0.000000000000000000e+00 0.000000000000000000e+00 0.000000000000000000e+00 0.000000000000000000e+00 0.000000000000000000e+00
5.581939799331103558e+01 0.000000000000000000e+00 2.489960962405342038e-01 7.076934262480285565e-01 4.331047751143723978e-02 0.000000000000000000e+00 0.000000000000000000e+00 0.000000000000000000e+00 0.000000000000000000e+00 0.000000000000000000e+00 0.000000000000000000e+00 0.000000000000000000e+00
5.618729096989966365e+01 0.000000000000000000e+00 2.282077381684768924e-01 7.191698079439826641e-01 5.262245388754039493e-02 0.000000000000000000e+00 0.000000000000000000e+00 0.000000000000000000e+00 0.000000000000000000e+00 0.000000000000000000e+00 0.000000000000000000e+00 0.000000000000000000e+00
5.655518394648829172e+01 0.000000000000000000e+00 2.083254102303107036e-01 7.288341293721546377e-01 6.284046039753468649e-02 0.000000000000000000e+00 0.000000000000000000e+00 0.000000000000000000e+00 0.000000000000000000e+00 0.000000000000000000e+00 0.000000000000000000e+00 0.000000000000000000e+00
5.692307692307691980e+01 0.000000000000000000e+00 1.893491124260356095e-01 7.366863905325442552e-01 7.396449704142006587e-02 0.000000000000000000e+00 0.000000000000000000e+00 0.000000000000000000e+00 0.000000000000000000e+00 0.000000000000000000e+00 0.000000000000000000e+00 0.000000000000000000e+00
5.729096989966555498e+01 0.000000000000000000e+00 1.712788447556513050e-01 7.427265914251518497e-01 8.599456381919681758e-02 0.000000000000000000e+00 0.000000000000000000e+00 0.000000000000000000e+00 0.000000000000000000e+00 0.000000000000000000e+00 0.000000000000000000e+00 0.000000000000000000e+00
5.765886287625417594e+01 0.000000000000000000e+00 1.541146072191587890e-01 7.469547320499769771e-01 9.893066073086421996e-02 0.000000000000000000e+00 0.000000000000000000e+00 0.000000000000000000e+00 0.000000000000000000e+00 0.000000000000000000e+00 0.000000000000000000e+00 0.000000000000000000e+00
5.802675585284281112e+01 0.000000000000000000e+00 1.378563998165567572e-01 7.493708124070199705e-01 1.127727877764232167e-01 0.000000000000000000e+00 0.000000000000000000e+00 0.000000000000000000e+00 0.000000000000000000e+00 0.000000000000000000e+00 0.000000000000000000e+00 0.000000000000000000e+00
5.839464882943143209e+01 0.000000000000000000e+00 1.225042225478464170e-01 7.499748324962807189e-01 1.275209449558727948e-01 0.000000000000000000e+00 0.000000000000000000e+00 0.000000000000000000e+00 0.000000000000000000e+00 0.000000000000000000e+00 0.000000000000000000e+00 0.000000000000000000e+00
5.876254180602006727e+01 0.000000000000000000e+00 1.080580754130266302e-01 7.487667923177592222e-01 1.431751322692141060e-01 0.000000000000000000e+00 0.000000000000000000e+00 0.000000000000000000e+00 0.000000000000000000e+00 0.000000000000000000e+00 0.000000000000000000e+00 0.000000000000000000e+00
5.913043478260869534e+01 0.000000000000000000e+00 9.451795841209824356e-02 7.457466918714554804e-01 1.597353497164462066e-01 0.000000000000000000e+00 0.000000000000000000e+00 0.000000000000000000e+00 0.000000000000000000e+00 0.000000000000000000e+00 0.000000000000000000e+00 0.000000000000000000e+00
5.949832775919732342e+01 0.000000000000000000e+00 8.188387154506100718e-02 7.409145311573694936e-01 1.772015972975694298e-01 0.000000000000000000e+00 0.000000000000000000e+00 0.000000000000000000e+00 0.000000000000000000e+00 0.000000000000000000e+00 0.000000000000000000e+00 0.000000000000000000e+00
5.986622073578595149e+01 0.000000000000000000e+00 7.015581481191486557e-02 7.342703101755012618e-01 1.955738750125837755e-01 0.000000000000000000e+00 0.000000000000000000e+00 0.000000000000000000e+00 0.000000000000000000e+00 0.000000000000000000e+00 0.000000000000000000e+00 0.000000000000000000e+00
6.023411371237457956e+01 0.000000000000000000e+00 5.933378821265983954e-02 7.258140289258507849e-01 2.148521828614892437e-01 0.000000000000000000e+00 0.000000000000000000e+00 0.000000000000000000e+00 0.000000000000000000e+00 0.000000000000000000e+00 0.000000000000000000e+00 0.000000000000000000e+00
6.060200668896320764e+01 0.000000000000000000e+00 4.941779174729593604e-02 7.155456874084181740e-01 2.350365208442858067e-01 0.000000000000000000e+00 0.000000000000000000e+00 0.000000000000000000e+00 0.000000000000000000e+00 0.000000000000000000e+00 0.000000000000000000e+00 0.000000000000000000e+00
6.096989966555183571e+01 0.000000000000000000e+00 4.040782541582314119e-02 7.034652856232033180e-01 2.561268889609735200e-01 0.000000000000000000e+00 0.000000000000000000e+00 0.000000000000000000e+00 0.000000000000000000e+00 0.000000000000000000e+00 0.000000000000000000e+00 0.000000000000000000e+00
6.133779264214047089e+01 0.000000000000000000e+00 3.230388921824132314e-02 6.895728235702058839e-01 2.781232872115527721e-01 0.000000000000000000e+00 0.000000000000000000e+00 0.000000000000000000e+00 0.000000000000000000e+00 0.000000000000000000e+00 0.000000000000000000e+00 0.000000000000000000e+00
6.170568561872909186e+01 0.000000000000000000e+00 2.510598315455091212e-02 6.738683012494266489e-01 3.010257155960222031e-01 0.000000000000000000e+00 0.000000000000000000e+00 0.000000000000000000e+00 0.000000000000000000e+00 0.000000000000000000e+00 0.000000000000000000e+00 0.000000000000000000e+00
6.207357859531772704e+01 0.000000000000000000e+00 1.881410722475135647e-02 6.563517186608647247e-01 3.248341741143837558e-01 0.000000000000000000e+00 0.000000000000000000e+00 0.000000000000000000e+00 0.000000000000000000e+00 0.000000000000000000e+00 0.000000000000000000e+00 0.000000000000000000e+00
6.244147157190634800e+01 0.000000000000000000e+00 1.342826142884314365e-02 6.370230758045213326e-01 3.495486627666354318e-01 0.000000000000000000e+00 0.000000000000000000e+00 0.000000000000000000e+00 0.000000000000000000e+00 0.000000000000000000e+00 0.000000000000000000e+00 0.000000000000000000e+00
6.280936454849498318e+01 0.000000000000000000e+00 8.948445766825859071e-03 6.158823726803949183e-01 3.751691815527792850e-01 0.000000000000000000e+00 0.000000000000000000e+00 0.000000000000000000e+00 0.000000000000000000e+00 0.000000000000000000e+00 0.000000000000000000e+00 0.000000000000000000e+00
6.317725752508361126e+01 0.000000000000000000e+00 5.374660238699783751e-03 5.929296092884864811e-01 4.016957304728135947e-01 0.000000000000000000e+00 0.000000000000000000e+00 0.000000000000000000e+00 0.000000000000000000e+00 0.000000000000000000e+00 0.000000000000000000e+00 0.000000000000000000e+00
6.354515050167223933e+01 0.000000000000000000e+00 2.706904844464826619e-03 5.681647856287959097e-01 4.291283095267391934e-01 0.000000000000000000e+00 0.000000000000000000e+00 0.000000000000000000e+00 0.000000000000000000e+00 0.000000000000000000e+00 0.000000000000000000e+00 0.000000000000000000e+00
6.391304347826086740e+01 0.000000000000000000e+00 9.451795841209851808e-04 5.415879017013230934e-01 4.574669187145558036e-01 0.000000000000000000e+00 0.000000000000000000e+00 0.000000000000000000e+00 0.000000000000000000e+00 0.000000000000000000e+00 0.000000000000000000e+00 0.000000000000000000e+00
6.428093645484949548e+01 0.000000000000000000e+00 8.948445766826014112e-05 5.131989575060681430e-01 4.867115580362635918e-01 0.000000000000000000e+00 0.000000000000000000e+00 0.000000000000000000e+00 0.000000000000000000e+00 0.000000000000000000e+00 0.000000000000000000e+00 0.000000000000000000e+00
6.464882943143813065e+01 0.000000000000000000e+00 0.000000000000000000e+00 4.834174114383502086e-01 5.164427690965430751e-01 1.398194651066614206e-04 0.000000000000000000e+00 0.000000000000000000e+00 0.000000000000000000e+00 0.000000000000000000e+00 0.000000000000000000e+00 0.000000000000000000e+00
6.501672240802675162e+01 0.000000000000000000e+00 0.000000000000000000e+00 4.542734421315198778e-01 5.446303732620441096e-01 1.096184606436160234e-03 0.000000000000000000e+00 0.000000000000000000e+00 0.000000000000000000e+00 0.000000000000000000e+00 0.000000000000000000e+00 0.000000000000000000e+00
6.538461538461538680e+01 0.000000000000000000e+00 0.000000000000000000e+00 4.260355029585794484e-01 5.710059171597637873e-01 2.958579881656830685e-03 0.000000000000000000e+00 0.000000000000000000e+00 0.000000000000000000e+00 0.000000000000000000e+00 0.000000000000000000e+00 0.000000000000000000e+00
6.575250836120400777e+01 0.000000000000000000e+00 0.000000000000000000e+00 3.987035939195312517e-01 5.955694007897002207e-01 5.727005290768529336e-03 0.000000000000000000e+00 0.000000000000000000e+00 0.000000000000000000e+00 0.000000000000000000e+00 0.000000000000000000e+00 0.000000000000000000e+00
6.612040133779264295e+01 0.000000000000000000e+00 0.000000000000000000e+00 3.722777150143730673e-01 6.183208241518554082e-01 9.401460833771468906e-03 0.000000000000000000e+00 0.000000000000000000e+00 0.000000000000000000e+00 0.000000000000000000e+00 0.000000000000000000e+00 0.000000000000000000e+00
6.648829431438127813e+01 0.000000000000000000e+00 0.000000000000000000e+00 3.467578662431061165e-01 6.392601872462283508e-01 1.398194651066556049e-02 0.000000000000000000e+00 0.000000000000000000e+00 0.000000000000000000e+00 0.000000000000000000e+00 0.000000000000000000e+00 0.000000000000000000e+00
6.685618729096989910e+01 0.000000000000000000e+00 0.000000000000000000e+00 3.221440476057312319e-01 6.583874900728182711e-01 1.946846232145056990e-02 0.000000000000000000e+00 0.000000000000000000e+00 0.000000000000000000e+00 0.000000000000000000e+00 0.000000000000000000e+00 0.000000000000000000e+00
6.722408026755852006e+01 0.000000000000000000e+00 0.000000000000000000e+00 2.984362591022474143e-01 6.757027326316259463e-01 2.586100826612667061e-02 0.000000000000000000e+00 0.000000000000000000e+00 0.000000000000000000e+00 0.000000000000000000e+00 0.000000000000000000e+00 0.000000000000000000e+00
6.759197324414715524e+01 0.000000000000000000e+00 0.000000000000000000e+00 2.756345007326538310e-01 6.912059149226520427e-01 3.315958434469415406e-02 0.000000000000000000e+00 0.000000000000000000e+00 0.000000000000000000e+00 0.000000000000000000e+00 0.000000000000000000e+00 0.000000000000000000e+00
6.795986622073579042e+01 0.000000000000000000e+00 0.000000000000000000e+00 2.537387724969513703e-01 7.048970369458958940e-01 4.136419055715277737e-02 0.000000000000000000e+00 0.000000000000000000e+00 0.000000000000000000e+00 0.000000000000000000e+00 0.000000000000000000e+00 0.000000000000000000e+00
6.832775919732441139e+01 0.000000000000000000e+00 0.000000000000000000e+00 2.327490743951408925e-01 7.167760987013569451e-01 5.047482690350219015e-02 0.000000000000000000e+00 0.000000000000000000e+00 0.000000000000000000e+00 0.000000000000000000e+00 0.000000000000000000e+00 0.000000000000000000e+00
6.869565217391304657e+01 0.000000000000000000e+00 0.000000000000000000e+00 2.126654064272207323e-01 7.268431001890363063e-01 6.049149338374308627e-02 0.000000000000000000e+00 0.000000000000000000e+00 0.000000000000000000e+00 0.000000000000000000e+00 0.000000000000000000e+00 0.000000000000000000e+00
6.906354515050166754e+01 0.000000000000000000e+00 0.000000000000000000e+00 1.934877685931924440e-01 7.350980414089329784e-01 7.141418999787470245e-02 0.000000000000000000e+00 0.000000000000000000e+00 0.000000000000000000e+00 0.000000000000000000e+00 0.000000000000000000e+00 0.000000000000000000e+00
6.943143812709030271e+01 0.000000000000000000e+00 0.000000000000000000e+00 1.752161608930545289e-01 7.415409223610476275e-01 8.324291674589787138e-02 0.000000000000000000e+00 0.000000000000000000e+00 0.000000000000000000e+00 0.000000000000000000e+00 0.000000000000000000e+00 0.000000000000000000e+00
6.979933110367892368e+01 0.000000000000000000e+00 0.000000000000000000e+00 1.578505833268084302e-01 7.461717430453799205e-01 9.597767362781169098e-02 0.000000000000000000e+00 0.000000000000000000e+00 0.000000000000000000e+00 0.000000000000000000e+00 0.000000000000000000e+00 0.000000000000000000e+00
7.016722408026755886e+01 0.000000000000000000e+00 0.000000000000000000e+00 1.413910358944527879e-01 7.489905034619301905e-01 1.096184606436171188e-01 0.000000000000000000e+00 0.000000000000000000e+00 0.000000000000000000e+00 0.000000000000000000e+00 0.000000000000000000e+00 0.000000000000000000e+00
7.053511705685619404e+01 0.000000000000000000e+00 0.000000000000000000e+00 1.258375185959883236e-01 7.499972036106979933e-01 1.241652777933136970e-01 0.000000000000000000e+00 0.000000000000000000e+00 0.000000000000000000e+00 0.000000000000000000e+00 0.000000000000000000e+00 0.000000000000000000e+00
7.090301003344481501e+01 0.000000000000000000e+00 0.000000000000000000e+00 1.111900314314155369e-01 7.491918434916836622e-01 1.396181250769008286e-01 0.000000000000000000e+00 0.000000000000000000e+00 0.000000000000000000e+00 0.000000000000000000e+00 0.000000000000000000e+00 0.000000000000000000e+00
7.127090301003343598e+01 0.000000000000000000e+00 0.000000000000000000e+00 9.744857440073385890e-02 7.465744231048871971e-01 1.559770024943790412e-01 0.000000000000000000e+00 0.000000000000000000e+00 0.000000000000000000e+00 0.000000000000000000e+00 0.000000000000000000e+00 0.000000000000000000e+00
7.163879598662207115e+01 0.000000000000000000e+00 0.000000000000000000e+00 8.461314750394276218e-02 7.421449424503081538e-01 1.732419100457490146e-01 0.000000000000000000e+00 0.000000000000000000e+00 0.000000000000000000e+00 0.000000000000000000e+00 0.000000000000000000e+00 0.000000000000000000e+00
7.200668896321070633e+01 0.000000000000000000e+00 0.000000000000000000e+00 7.268375074104281575e-02 7.359034015279470875e-01 1.914128477310101384e-01 0.000000000000000000e+00 0.000000000000000000e+00 0.000000000000000000e+00 0.000000000000000000e+00 0.000000000000000000e+00 0.000000000000000000e+00
7.237458193979932730e+01 0.000000000000000000e+00 0.000000000000000000e+00 6.166038411203444286e-02 7.278498003378038872e-01 2.104898155501616630e-01 0.000000000000000000e+00 0.000000000000000000e+00 0.000000000000000000e+00 0.000000000000000000e+00 0.000000000000000000e+00 0.000000000000000000e+00
7.274247491638794827e+01 0.000000000000000000e+00 0.000000000000000000e+00 5.154304761691715087e-02 7.179841388798786639e-01 2.304728135032042824e-01 0.000000000000000000e+00 0.000000000000000000e+00 0.000000000000000000e+00 0.000000000000000000e+00 0.000000000000000000e+00 0.000000000000000000e+00
7.311036789297658345e+01 0.000000000000000000e+00 0.000000000000000000e+00 4.233174125569059282e-02 7.063064171541706404e-01 2.513618415901388015e-01 0.000000000000000000e+00 0.000000000000000000e+00 0.000000000000000000e+00 0.000000000000000000e+00 0.000000000000000000e+00 0.000000000000000000e+00
7.347826086956521863e+01 0.000000000000000000e+00 0.000000000000000000e+00 3.402646502835519893e-02 6.928166351606803719e-01 2.731568998109644153e-01 0.000000000000000000e+00 0.000000000000000000e+00 0.000000000000000000e+00 0.000000000000000000e+00 0.000000000000000000e+00 0.000000000000000000e+00
7.384615384615383959e+01 0.000000000000000000e+00 0.000000000000000000e+00 2.662721893491121553e-02 6.775147928994085245e-01 2.958579881656804300e-01 0.000000000000000000e+00 0.000000000000000000e+00 0.000000000000000000e+00 0.000000000000000000e+00 0.000000000000000000e+00 0.000000000000000000e+00
7.421404682274247477e+01 0.000000000000000000e+00 0.000000000000000000e+00 2.013400297535808403e-02 6.604008903703536548e-01 3.194651066542882889e-01 0.000000000000000000e+00 0.000000000000000000e+00 0.000000000000000000e+00 0.000000000000000000e+00 0.000000000000000000e+00 0.000000000000000000e+00
7.458193979933110995e+01 0.000000000000000000e+00 0.000000000000000000e+00 1.454681714969610802e-02 6.414749275735165401e-01 3.439782552767874368e-01 0.000000000000000000e+00 0.000000000000000000e+00 0.000000000000000000e+00 0.000000000000000000e+00 0.000000000000000000e+00 0.000000000000000000e+00
7.494983277591973092e+01 0.000000000000000000e+00 0.000000000000000000e+00 9.865661457925445355e-03 6.207369045088978465e-01 3.693974340331765971e-01 0.000000000000000000e+00 0.000000000000000000e+00 0.000000000000000000e+00 0.000000000000000000e+00 0.000000000000000000e+00 0.000000000000000000e+00
7.531772575250835189e+01 0.000000000000000000e+00 0.000000000000000000e+00 6.090535900045866181e-03 5.981868211764971299e-01 3.957226429234569354e-01 0.000000000000000000e+00 0.000000000000000000e+00 0.000000000000000000e+00 0.000000000000000000e+00 0.000000000000000000e+00 0.000000000000000000e+00
7.568561872909698707e+01 0.000000000000000000e+00 0.000000000000000000e+00 3.221440476057275092e-03 5.738246775763133911e-01 4.229538819476294509e-01 0.000000000000000000e+00 0.000000000000000000e+00 0.000000000000000000e+00 0.000000000000000000e+00 0.000000000000000000e+00 0.000000000000000000e+00
7.605351170568562225e+01 0.000000000000000000e+00 0.000000000000000000e+00 1.258375185959836667e-03 5.476504737083470742e-01 4.510911511056930334e-01 0.000000000000000000e+00 0.000000000000000000e+00 0.000000000000000000e+00 0.000000000000000000e+00 0.000000000000000000e+00 0.000000000000000000e+00
7.642140468227424321e+01 0.000000000000000000e+00 0.000000000000000000e+00 2.013400297535738385e-04 5.196642095725998445e-01 4.801344503976467393e-01 0.000000000000000000e+00 0.000000000000000000e+00 0.000000000000000000e+00 0.000000000000000000e+00 0.000000000000000000e+00 0.000000000000000000e+00
7.678929765886286418e+01 0.000000000000000000e+00 0.000000000000000000e+00 0.000000000000000000e+00 4.900168901913853903e-01 5.099327748011762695e-01 5.033500743839338509e-05 0.000000000000000000e+00 0.000000000000000000e+00 0.000000000000000000e+00 0.000000000000000000e+00 0.000000000000000000e+00
7.715719063545149936e+01 0.000000000000000000e+00 0.000000000000000000e+00 0.000000000000000000e+00 4.606715808548002555e-01 5.385230590261853578e-01 8.053601190143408906e-04 0.000000000000000000e+00 0.000000000000000000e+00 0.000000000000000000e+00 0.000000000000000000e+00 0.000000000000000000e+00
7.752508361204013454e+01 0.000000000000000000e+00 0.000000000000000000e+00 0.000000000000000000e+00 4.322323016521062988e-01 5.653012829834123121e-01 2.466415364481439401e-03 0.000000000000000000e+00 0.000000000000000000e+00 0.000000000000000000e+00 0.000000000000000000e+00 0.000000000000000000e+00
7.789297658862875551e+01 0.000000000000000000e+00 0.000000000000000000e+00 0.000000000000000000e+00 4.046990525833045194e-01 5.902674466728558000e-01 5.033500743839571315e-03 0.000000000000000000e+00 0.000000000000000000e+00 0.000000000000000000e+00 0.000000000000000000e+00 0.000000000000000000e+00
7.826086956521739069e+01 0.000000000000000000e+00 0.000000000000000000e+00 0.000000000000000000e+00 3.780718336483928632e-01 6.134215500945182642e-01 8.506616257088938510e-03 0.000000000000000000e+00 0.000000000000000000e+00 0.000000000000000000e+00 0.000000000000000000e+00 0.000000000000000000e+00
7.862876254180602587e+01 0.000000000000000000e+00 0.000000000000000000e+00 0.000000000000000000e+00 3.523506448473723296e-01 6.347635932483982613e-01 1.288576190422945425e-02 0.000000000000000000e+00 0.000000000000000000e+00 0.000000000000000000e+00 0.000000000000000000e+00 0.000000000000000000e+00
7.899665551839464683e+01 0.000000000000000000e+00 0.000000000000000000e+00 0.000000000000000000e+00 3.275354861802438622e-01 6.542935761344952361e-01 1.817093768526090170e-02 0.000000000000000000e+00 0.000000000000000000e+00 0.000000000000000000e+00 0.000000000000000000e+00 0.000000000000000000e+00
7.936454849498326780e+01 0.000000000000000000e+00 0.000000000000000000e+00 0.000000000000000000e+00 3.036263576470065173e-01 6.720114987528101880e-01 2.436214360018342656e-02 0.000000000000000000e+00 0.000000000000000000e+00 0.000000000000000000e+00 0.000000000000000000e+00 0.000000000000000000e+00
7.973244147157190298e+01 0.000000000000000000e+00 0.000000000000000000e+00 0.000000000000000000e+00 2.806232592476592957e-01 6.879173611033433389e-01 3.145937964899733069e-02 0.000000000000000000e+00 0.000000000000000000e+00 0.000000000000000000e+00 0.000000000000000000e+00 0.000000000000000000e+00
8.010033444816053816e+01 0.000000000000000000e+00 0.000000000000000000e+00 0.000000000000000000e+00 2.585261909822033077e-01 7.020111631860943557e-01 3.946264583170237816e-02 0.000000000000000000e+00 0.000000000000000000e+00 0.000000000000000000e+00 0.000000000000000000e+00 0.000000000000000000e+00
8.046822742474915913e+01 0.000000000000000000e+00 0.000000000000000000e+00 0.000000000000000000e+00 2.373351528506392194e-01 7.142929050010625724e-01 4.837194214829822203e-02 0.000000000000000000e+00 0.000000000000000000e+00 0.000000000000000000e+00 0.000000000000000000e+00 0.000000000000000000e+00
8.083612040133778009e+01 0.000000000000000000e+00 0.000000000000000000e+00 0.000000000000000000e+00 2.170501448529662536e-01 7.247625865482486551e-01 5.818726859878513291e-02 0.000000000000000000e+00 0.000000000000000000e+00 0.000000000000000000e+00 0.000000000000000000e+00 0.000000000000000000e+00
8.120401337792641527e+01 0.000000000000000000e+00 0.000000000000000000e+00 0.000000000000000000e+00 1.976711669891836332e-01 7.334202078276528258e-01 6.890862518316356877e-02 0.000000000000000000e+00 0.000000000000000000e+00 0.000000000000000000e+00 0.000000000000000000e+00 0.000000000000000000e+00
8.157190635451505045e+01 0.000000000000000000e+00 0.000000000000000000e+00 0.000000000000000000e+00 1.791982192592921352e-01 7.402657688392746405e-01 8.053601190143314104e-02 0.000000000000000000e+00 0.000000000000000000e+00 0.000000000000000000e+00 0.000000000000000000e+00 0.000000000000000000e+00
8.193979933110367142e+01 0.000000000000000000e+00 0.000000000000000000e+00 0.000000000000000000e+00 1.616313016632924815e-01 7.452992695831142100e-01 9.306942875359339173e-02 0.000000000000000000e+00 0.000000000000000000e+00 0.000000000000000000e+00 0.000000000000000000e+00 0.000000000000000000e+00
8.230769230769230660e+01 0.000000000000000000e+00 0.000000000000000000e+00 0.000000000000000000e+00 1.449704142011832564e-01 7.485207100591715346e-01 1.065088757396452507e-01 0.000000000000000000e+00 0.000000000000000000e+00 0.000000000000000000e+00 0.000000000000000000e+00 0.000000000000000000e+00
8.267558528428094178e+01 0.000000000000000000e+00 0.000000000000000000e+00 0.000000000000000000e+00 1.292155568729652093e-01 7.499300902674466140e-01 1.208543528595882321e-01 0.000000000000000000e+00 0.000000000000000000e+00 0.000000000000000000e+00 0.000000000000000000e+00 0.000000000000000000e+00
8.304347826086956275e+01 0.000000000000000000e+00 0.000000000000000000e+00 0.000000000000000000e+00 1.143667296786388538e-01 7.495274102079394485e-01 1.361058601134217949e-01 0.000000000000000000e+00 0.000000000000000000e+00 0.000000000000000000e+00 0.000000000000000000e+00 0.000000000000000000e+00
8.341137123745818371e+01 0.000000000000000000e+00 0.000000000000000000e+00 0.000000000000000000e+00 1.004239326182035930e-01 7.473126698806500379e-01 1.522633975011463969e-01 0.000000000000000000e+00 0.000000000000000000e+00 0.000000000000000000e+00 0.000000000000000000e+00 0.000000000000000000e+00
8.377926421404681889e+01 0.000000000000000000e+00 0.000000000000000000e+00 0.000000000000000000e+00 8.738716569165891346e-02 7.432858692855783822e-01 1.693269650227628154e-01 0.000000000000000000e+00 0.000000000000000000e+00 0.000000000000000000e+00 0.000000000000000000e+00 0.000000000000000000e+00
8.414715719063545407e+01 0.000000000000000000e+00 0.000000000000000000e+00 0.000000000000000000e+00 7.525642889900539811e-02 7.374470084227244815e-01 1.872965626782703563e-01 0.000000000000000000e+00 0.000000000000000000e+00 0.000000000000000000e+00 0.000000000000000000e+00 0.000000000000000000e+00
8.451505016722407504e+01 0.000000000000000000e+00 0.000000000000000000e+00 0.000000000000000000e+00 6.403172224024343551e-02 7.297960872920884468e-01 2.061721904676682704e-01 0.000000000000000000e+00 0.000000000000000000e+00 0.000000000000000000e+00 0.000000000000000000e+00 0.000000000000000000e+00
8.488294314381269601e+01 0.000000000000000000e+00 0.000000000000000000e+00 0.000000000000000000e+00 5.371304571537254685e-02 7.203331058936702780e-01 2.259538483909572792e-01 0.000000000000000000e+00 0.000000000000000000e+00 0.000000000000000000e+00 0.000000000000000000e+00 0.000000000000000000e+00
8.525083612040134540e+01 0.000000000000000000e+00 0.000000000000000000e+00 0.000000000000000000e+00 4.430039932439205907e-02 7.090580642274690870e-01 2.466415364481390482e-01 0.000000000000000000e+00 0.000000000000000000e+00 0.000000000000000000e+00 0.000000000000000000e+00 0.000000000000000000e+00
8.561872909698996637e+01 0.000000000000000000e+00 0.000000000000000000e+00 0.000000000000000000e+00 3.579378306730341547e-02 6.959709622934864282e-01 2.682352546392103299e-01 0.000000000000000000e+00 0.000000000000000000e+00 0.000000000000000000e+00 0.000000000000000000e+00 0.000000000000000000e+00
8.598662207357858733e+01 0.000000000000000000e+00 0.000000000000000000e+00 0.000000000000000000e+00 2.819319694410585275e-02 6.810718000917217463e-01 2.907350029641725953e-01 0.000000000000000000e+00 0.000000000000000000e+00 0.000000000000000000e+00 0.000000000000000000e+00 0.000000000000000000e+00
8.635451505016722251e+01 0.000000000000000000e+00 0.000000000000000000e+00 0.000000000000000000e+00 2.149864095479912460e-02 6.643605776221740422e-01 3.141407814230269269e-01 0.000000000000000000e+00 0.000000000000000000e+00 0.000000000000000000e+00 0.000000000000000000e+00 0.000000000000000000e+00
8.672240802675585769e+01 0.000000000000000000e+00 0.000000000000000000e+00 0.000000000000000000e+00 1.571011509938355019e-02 6.458372948848442041e-01 3.384525900157724920e-01 0.000000000000000000e+00 0.000000000000000000e+00 0.000000000000000000e+00 0.000000000000000000e+00 0.000000000000000000e+00
8.709030100334447866e+01 0.000000000000000000e+00 0.000000000000000000e+00 0.000000000000000000e+00 1.082761937785929954e-02 6.255019518797327871e-01 3.636704287424080695e-01 0.000000000000000000e+00 0.000000000000000000e+00 0.000000000000000000e+00 0.000000000000000000e+00 0.000000000000000000e+00
8.745819397993309963e+01 0.000000000000000000e+00 0.000000000000000000e+00 0.000000000000000000e+00 6.851153790226129775e-03 6.033545486068393471e-01 3.897942976029348250e-01 0.000000000000000000e+00 0.000000000000000000e+00 0.000000000000000000e+00 0.000000000000000000e+00 0.000000000000000000e+00
8.782608695652173481e+01 0.000000000000000000e+00 0.000000000000000000e+00 0.000000000000000000e+00 3.780718336483938555e-03 5.793950850661626628e-01 4.168241965973537022e-01 0.000000000000000000e+00 0.000000000000000000e+00 0.000000000000000000e+00 0.000000000000000000e+00 0.000000000000000000e+00
8.819397993311036998e+01 0.000000000000000000e+00 0.000000000000000000e+00 0.000000000000000000e+00 1.616313016632898482e-03 5.536235612577036225e-01 4.447601257256637575e-01 0.000000000000000000e+00 0.000000000000000000e+00 0.000000000000000000e+00 0.000000000000000000e+00 0.000000000000000000e+00
8.856187290969899095e+01 0.000000000000000000e+00 0.000000000000000000e+00 0.000000000000000000e+00 3.579378306730403476e-04 5.260399771814635583e-01 4.736020849878637695e-01 0.000000000000000000e+00 0.000000000000000000e+00 0.000000000000000000e+00 0.000000000000000000e+00 0.000000000000000000e+00
8.892976588628761192e+01 0.000000000000000000e+00 0.000000000000000000e+00 0.000000000000000000e+00 0.000000000000000000e+00 4.966611111732539552e-01 5.033332960481421425e-01 5.592778604263339098e-06 0.000000000000000000e+00 0.000000000000000000e+00 0.000000000000000000e+00 0.000000000000000000e+00
8.929765886287626131e+01 0.000000000000000000e+00 0.000000000000000000e+00 0.000000000000000000e+00 0.000000000000000000e+00 4.671144618069140719e-01 5.323262603326595066e-01 5.592778604266450317e-04 0.000000000000000000e+00 0.000000000000000000e+00 0.000000000000000000e+00 0.000000000000000000e+00
8.966555183946488228e+01 0.000000000000000000e+00 0.000000000000000000e+00 0.000000000000000000e+00 0.000000000000000000e+00 4.384738425744676982e-01 5.595071643493925162e-01 2.018993076140099610e-03 0.000000000000000000e+00 0.000000000000000000e+00 0.000000000000000000e+00 0.000000000000000000e+00
9.003344481605350325e+01 0.000000000000000000e+00 0.000000000000000000e+00 0.000000000000000000e+00 0.000000000000000000e+00 4.107392534759123914e-01 5.848760080983432807e-01 4.384738425744635730e-03 0.000000000000000000e+00 0.000000000000000000e+00 0.000000000000000000e+00 0.000000000000000000e+00
9.040133779264213842e+01 0.000000000000000000e+00 0.000000000000000000e+00 0.000000000000000000e+00 0.000000000000000000e+00 3.839106945112470415e-01 6.084327915795129105e-01 7.656513909240396723e-03 0.000000000000000000e+00 0.000000000000000000e+00 0.000000000000000000e+00 0.000000000000000000e+00
9.076923076923077360e+01 0.000000000000000000e+00 0.000000000000000000e+00 0.000000000000000000e+00 0.000000000000000000e+00 3.579881656804729251e-01 6.301775147929000731e-01 1.183431952662730713e-02 0.000000000000000000e+00 0.000000000000000000e+00 0.000000000000000000e+00 0.000000000000000000e+00
9.113712374581939457e+01 0.000000000000000000e+00 0.000000000000000000e+00 0.000000000000000000e+00 0.000000000000000000e+00 3.329716669835909304e-01 6.501101777385043246e-01 1.691815527790515791e-02 0.000000000000000000e+00 0.000000000000000000e+00 0.000000000000000000e+00 0.000000000000000000e+00
9.150501672240801554e+01 0.000000000000000000e+00 0.000000000000000000e+00 0.000000000000000000e+00 0.000000000000000000e+00 3.088611984205999472e-01 6.682307804163263310e-01 2.290802116307408265e-02 0.000000000000000000e+00 0.000000000000000000e+00 0.000000000000000000e+00 0.000000000000000000e+00
9.187290969899665072e+01 0.000000000000000000e+00 0.000000000000000000e+00 0.000000000000000000e+00 0.000000000000000000e+00 2.856567599914991984e-01 6.845393228263668695e-01 2.980391718213437971e-02 0.000000000000000000e+00 0.000000000000000000e+00 0.000000000000000000e+00 0.000000000000000000e+00
9.224080267558528590e+01 0.000000000000000000e+00 0.000000000000000000e+00 0.000000000000000000e+00 0.000000000000000000e+00 2.633583516962895721e-01 6.990358049686249409e-01 3.760584333508582705e-02 0.000000000000000000e+00 0.000000000000000000e+00 0.000000000000000000e+00 0.000000000000000000e+00
9.260869565217390686e+01 0.000000000000000000e+00 0.000000000000000000e+00 0.000000000000000000e+00 0.000000000000000000e+00 2.419659735349719287e-01 7.117202268431003231e-01 4.631379962192806732e-02 0.000000000000000000e+00 0.000000000000000000e+00 0.000000000000000000e+00 0.000000000000000000e+00
9.297658862876254204e+01 0.000000000000000000e+00 0.000000000000000000e+00 0.000000000000000000e+00 0.000000000000000000e+00 2.214796255075445752e-01 7.225925884497940155e-01 5.592778604266178399e-02 0.000000000000000000e+00 0.000000000000000000e+00 0.000000000000000000e+00 0.000000000000000000e+00
9.334448160535117722e+01 0.000000000000000000e+00 0.000000000000000000e+00 0.000000000000000000e+00 0.000000000000000000e+00 2.018993076140083720e-01 7.316528897887052407e-01 6.644780259728663707e-02 0.000000000000000000e+00 0.000000000000000000e+00 0.000000000000000000e+00 0.000000000000000000e+00
9.371237458193979819e+01 0.000000000000000000e+00 0.000000000000000000e+00 0.000000000000000000e+00 0.000000000000000000e+00 1.832250198543640685e-01 7.389011308598339989e-01 7.787384928580219634e-02 0.000000000000000000e+00 0.000000000000000000e+00 0.000000000000000000e+00 0.000000000000000000e+00
9.408026755852841916e+01 0.000000000000000000e+00 0.000000000000000000e+00 0.000000000000000000e+00 0.000000000000000000e+00 1.654567622286108319e-01 7.443373116631806230e-01 9.020592610820883650e-02 0.000000000000000000e+00 0.000000000000000000e+00 0.000000000000000000e+00 0.000000000000000000e+00
9.444816053511705434e+01 0.000000000000000000e+00 0.000000000000000000e+00 0.000000000000000000e+00 0.000000000000000000e+00 1.485945347367479963e-01 7.479614321987451131e-01 1.034440330645070849e-01 0.000000000000000000e+00 0.000000000000000000e+00 0.000000000000000000e+00 0.000000000000000000e+00
9.481605351170568952e+01 0.000000000000000000e+00 0.000000000000000000e+00 0.000000000000000000e+00 0.000000000000000000e+00 1.326383373787763387e-01 7.497734924665273581e-01 1.175881701546964836e-01 0.000000000000000000e+00 0.000000000000000000e+00 0.000000000000000000e+00 0.000000000000000000e+00
9.518394648829431048e+01 0.000000000000000000e+00 0.000000000000000000e+00 0.000000000000000000e+00 0.000000000000000000e+00 1.175881701546964281e-01 7.497734924665273581e-01 1.326383373787764219e-01 0.000000000000000000e+00 0.000000000000000000e+00 0.000000000000000000e+00 0.000000000000000000e+00
9.555183946488293145e+01 0.000000000000000000e+00 0.000000000000000000e+00 0.000000000000000000e+00 0.000000000000000000e+00 1.034440330645075568e-01 7.479614321987451131e-01 1.485945347367474689e-01 0.000000000000000000e+00 0.000000000000000000e+00 0.000000000000000000e+00 0.000000000000000000e+00
9.591973244147156663e+01 0.000000000000000000e+00 0.000000000000000000e+00 0.000000000000000000e+00 0.000000000000000000e+00 9.020592610820928059e-02 7.443373116631804010e-01 1.654567622286102491e-01 0.000000000000000000e+00 0.000000000000000000e+00 0.000000000000000000e+00 0.000000000000000000e+00
9.628762541806020181e+01 0.000000000000000000e+00 0.000000000000000000e+00 0.000000000000000000e+00 0.000000000000000000e+00 7.787384928580215471e-02 7.389011308598336658e-01 1.832250198543641795e-01 0.000000000000000000e+00 0.000000000000000000e+00 0.000000000000000000e+00 0.000000000000000000e+00
9.665551839464882278e+01 0.000000000000000000e+00 0.000000000000000000e+00 0.000000000000000000e+00 0.000000000000000000e+00 6.644780259728659544e-02 7.316528897887049077e-01 2.018993076140085108e-01 0.000000000000000000e+00 0.000000000000000000e+00 0.000000000000000000e+00 0.000000000000000000e+00
9.702341137123745796e+01 0.000000000000000000e+00 0.000000000000000000e+00 0.000000000000000000e+00 0.000000000000000000e+00 5.592778604266175624e-02 7.225925884497934604e-01 2.214796255075447140e-01 0.000000000000000000e+00 0.000000000000000000e+00 0.000000000000000000e+00 0.000000000000000000e+00
9.739130434782609314e+01 0.000000000000000000e+00 0.000000000000000000e+00 0.000000000000000000e+00 0.000000000000000000e+00 4.631379962192803956e-02 7.117202268430997680e-01 2.419659735349720675e-01 0.000000000000000000e+00 0.000000000000000000e+00 0.000000000000000000e+00 0.000000000000000000e+00
9.775919732441471410e+01 0.000000000000000000e+00 0.000000000000000000e+00 0.000000000000000000e+00 0.000000000000000000e+00 3.760584333508580623e-02 6.990358049686242747e-01 2.633583516962897386e-01 0.000000000000000000e+00 0.000000000000000000e+00 0.000000000000000000e+00 0.000000000000000000e+00
9.812709030100333507e+01 0.000000000000000000e+00 0.000000000000000000e+00 0.000000000000000000e+00 0.000000000000000000e+00 2.980391718213464686e-02 6.845393228263666474e-01 2.856567599914984212e-01 0.000000000000000000e+00 0.000000000000000000e+00 0.000000000000000000e+00 0.000000000000000000e+00
9.849498327759197025e+01 0.000000000000000000e+00 0.000000000000000000e+00 0.000000000000000000e+00 0.000000000000000000e+00 2.290802116307432204e-02 6.682307804163262199e-01 3.088611984205992256e-01 0.000000000000000000e+00 0.000000000000000000e+00 0.000000000000000000e+00 0.000000000000000000e+00
9.886287625418060543e+01 0.000000000000000000e+00 0.000000000000000000e+00 0.000000000000000000e+00 0.000000000000000000e+00 1.691815527790514750e-02 6.501101777385034364e-01 3.329716669835910414e-01 0.000000000000000000e+00 0.000000000000000000e+00 0.000000000000000000e+00 0.000000000000000000e+00
9.923076923076922640e+01 0.000000000000000000e+00 0.000000000000000000e+00 0.000000000000000000e+00 0.000000000000000000e+00 1.183431952662730192e-02 6.301775147928991849e-01 3.579881656804731471e-01 0.000000000000000000e+00 0.000000000000000000e+00 0.000000000000000000e+00 0.000000000000000000e+00
9.959866220735784736e+01 0.000000000000000000e+00 0.000000000000000000e+00 0.000000000000000000e+00 0.000000000000000000e+00 7.656513909240537236e-03 6.084327915795126884e-01 3.839106945112463198e-01 0.000000000000000000e+00 0.000000000000000000e+00 0.000000000000000000e+00 0.000000000000000000e+00
9.996655518394648254e+01 0.000000000000000000e+00 0.000000000000000000e+00 0.000000000000000000e+00 0.000000000000000000e+00 4.384738425744742416e-03 5.848760080983430587e-01 4.107392534759115588e-01 0.000000000000000000e+00 0.000000000000000000e+00 0.000000000000000000e+00 0.000000000000000000e+00
1.003344481605351177e+02 0.000000000000000000e+00 0.000000000000000000e+00 0.000000000000000000e+00 0.000000000000000000e+00 2.018993076140098743e-03 5.595071643493912950e-01 4.384738425744679202e-01 0.000000000000000000e+00 0.000000000000000000e+00 0.000000000000000000e+00 0.000000000000000000e+00
1.007023411371237387e+02 0.000000000000000000e+00 0.000000000000000000e+00 0.000000000000000000e+00 0.000000000000000000e+00 5.592778604266447065e-04 5.323262603326581743e-01 4.671144618069144050e-01 0.000000000000000000e+00 0.000000000000000000e+00 0.000000000000000000e+00 0.000000000000000000e+00
1.010702341137123739e+02 0.000000000000000000e+00 0.000000000000000000e+00 0.000000000000000000e+00 0.000000000000000000e+00 5.592778604267224438e-06 5.033332960481418095e-01 4.966611111732530670e-01 0.000000000000000000e+00 0.000000000000000000e+00 0.000000000000000000e+00 0.000000000000000000e+00
1.014381270903010090e+02 0.000000000000000000e+00 0.000000000000000000e+00 0.000000000000000000e+00 0.000000000000000000e+00 0.000000000000000000e+00 4.736020849878623817e-01 5.260399771814637804e-01 3.579378306730403476e-04 0.000000000000000000e+00 0.000000000000000000e+00 0.000000000000000000e+00
1.018060200668896300e+02 0.000000000000000000e+00 0.000000000000000000e+00 0.000000000000000000e+00 0.000000000000000000e+00 0.000000000000000000e+00 4.447601257256623142e-01 5.536235612577039555e-01 1.616313016632898482e-03 0.000000000000000000e+00 0.000000000000000000e+00 0.000000000000000000e+00
1.021739130434782510e+02 0.000000000000000000e+00 0.000000000000000000e+00 0.000000000000000000e+00 0.000000000000000000e+00 0.000000000000000000e+00 4.168241965973533691e-01 5.793950850661619967e-01 3.780718336483837507e-03 0.000000000000000000e+00 0.000000000000000000e+00 0.000000000000000000e+00
1.025418060200668862e+02 0.000000000000000000e+00 0.000000000000000000e+00 0.000000000000000000e+00 0.000000000000000000e+00 0.000000000000000000e+00 3.897942976029344919e-01 6.033545486068387920e-01 6.851153790225993599e-03 0.000000000000000000e+00 0.000000000000000000e+00 0.000000000000000000e+00
1.029096989966555213e+02 0.000000000000000000e+00 0.000000000000000000e+00 0.000000000000000000e+00 0.000000000000000000e+00 0.000000000000000000e+00 3.636704287424067372e-01 6.255019518797332312e-01 1.082761937785929954e-02 0.000000000000000000e+00 0.000000000000000000e+00 0.000000000000000000e+00
1.032775919732441423e+02 0.000000000000000000e+00 0.000000000000000000e+00 0.000000000000000000e+00 0.000000000000000000e+00 0.000000000000000000e+00 3.384525900157711598e-01 6.458372948848445372e-01 1.571011509938355019e-02 0.000000000000000000e+00 0.000000000000000000e+00 0.000000000000000000e+00
1.036454849498327633e+02 0.000000000000000000e+00 0.000000000000000000e+00 0.000000000000000000e+00 0.000000000000000000e+00 0.000000000000000000e+00 3.141407814230266493e-01 6.643605776221737091e-01 2.149864095479888521e-02 0.000000000000000000e+00 0.000000000000000000e+00 0.000000000000000000e+00
1.040133779264213985e+02 0.000000000000000000e+00 0.000000000000000000e+00 0.000000000000000000e+00 0.000000000000000000e+00 0.000000000000000000e+00 2.907350029641722622e-01 6.810718000917214132e-01 2.819319694410557867e-02 0.000000000000000000e+00 0.000000000000000000e+00 0.000000000000000000e+00
1.043812709030100336e+02 0.000000000000000000e+00 0.000000000000000000e+00 0.000000000000000000e+00 0.000000000000000000e+00 0.000000000000000000e+00 2.682352546392091086e-01 6.959709622934867612e-01 3.579378306730341547e-02 0.000000000000000000e+00 0.000000000000000000e+00 0.000000000000000000e+00
1.047491638795986546e+02 0.000000000000000000e+00 0.000000000000000000e+00 0.000000000000000000e+00 0.000000000000000000e+00 0.000000000000000000e+00 2.466415364481378270e-01 7.090580642274693091e-01 4.430039932439205907e-02 0.000000000000000000e+00 0.000000000000000000e+00 0.000000000000000000e+00
1.051170568561872898e+02 0.000000000000000000e+00 0.000000000000000000e+00 0.000000000000000000e+00 0.000000000000000000e+00 0.000000000000000000e+00 2.259538483909569184e-01 7.203331058936701670e-01 5.371304571537216521e-02 0.000000000000000000e+00 0.000000000000000000e+00 0.000000000000000000e+00
1.054849498327759107e+02 0.000000000000000000e+00 0.000000000000000000e+00 0.000000000000000000e+00 0.000000000000000000e+00 0.000000000000000000e+00 2.061721904676678818e-01 7.297960872920884468e-01 6.403172224024300530e-02 0.000000000000000000e+00 0.000000000000000000e+00 0.000000000000000000e+00
1.058528428093645459e+02 0.000000000000000000e+00 0.000000000000000000e+00 0.000000000000000000e+00 0.000000000000000000e+00 0.000000000000000000e+00 1.872965626782692183e-01 7.374470084227247035e-01 7.525642889900539811e-02 0.000000000000000000e+00 0.000000000000000000e+00 0.000000000000000000e+00
1.062207357859531669e+02 0.000000000000000000e+00 0.000000000000000000e+00 0.000000000000000000e+00 0.000000000000000000e+00 0.000000000000000000e+00 1.693269650227624268e-01 7.432858692855783822e-01 8.738716569165842774e-02 0.000000000000000000e+00 0.000000000000000000e+00 0.000000000000000000e+00
1.065886287625418021e+02 0.000000000000000000e+00 0.000000000000000000e+00 0.000000000000000000e+00 0.000000000000000000e+00 0.000000000000000000e+00 1.522633975011460639e-01 7.473126698806502599e-01 1.004239326182030795e-01 0.000000000000000000e+00 0.000000000000000000e+00 0.000000000000000000e+00
1.069565217391304373e+02 0.000000000000000000e+00 0.000000000000000000e+00 0.000000000000000000e+00 0.000000000000000000e+00 0.000000000000000000e+00 1.361058601134208512e-01 7.495274102079396705e-01 1.143667296786388538e-01 0.000000000000000000e+00 0.000000000000000000e+00 0.000000000000000000e+00
1.073244147157190582e+02 0.000000000000000000e+00 0.000000000000000000e+00 0.000000000000000000e+00 0.000000000000000000e+00 0.000000000000000000e+00 1.208543528595873023e-01 7.499300902674468361e-01 1.292155568729652093e-01 0.000000000000000000e+00 0.000000000000000000e+00 0.000000000000000000e+00
1.076923076923076934e+02 0.000000000000000000e+00 0.000000000000000000e+00 0.000000000000000000e+00 0.000000000000000000e+00 0.000000000000000000e+00 1.065088757396443625e-01 7.485207100591717566e-01 1.449704142011832564e-01 0.000000000000000000e+00 0.000000000000000000e+00 0.000000000000000000e+00
1.080602006688963144e+02 0.000000000000000000e+00 0.000000000000000000e+00 0.000000000000000000e+00 0.000000000000000000e+00 0.000000000000000000e+00 9.306942875359304479e-02 7.452992695831144321e-01 1.616313016632918431e-01 0.000000000000000000e+00 0.000000000000000000e+00 0.000000000000000000e+00
1.084280936454849495e+02 0.000000000000000000e+00 0.000000000000000000e+00 0.000000000000000000e+00 0.000000000000000000e+00 0.000000000000000000e+00 8.053601190143235000e-02 7.402657688392748625e-01 1.791982192592921352e-01 0.000000000000000000e+00 0.000000000000000000e+00 0.000000000000000000e+00
1.087959866220735705e+02 0.000000000000000000e+00 0.000000000000000000e+00 0.000000000000000000e+00 0.000000000000000000e+00 0.000000000000000000e+00 6.890862518316326346e-02 7.334202078276530479e-01 1.976711669891829115e-01 0.000000000000000000e+00 0.000000000000000000e+00 0.000000000000000000e+00
1.091638795986622057e+02 0.000000000000000000e+00 0.000000000000000000e+00 0.000000000000000000e+00 0.000000000000000000e+00 0.000000000000000000e+00 5.818726859878484842e-02 7.247625865482489882e-01 2.170501448529654764e-01 0.000000000000000000e+00 0.000000000000000000e+00 0.000000000000000000e+00
1.095317725752508267e+02 0.000000000000000000e+00 0.000000000000000000e+00 0.000000000000000000e+00 0.000000000000000000e+00 0.000000000000000000e+00 4.837194214829794447e-02 7.142929050010629055e-01 2.373351528506384422e-01 0.000000000000000000e+00 0.000000000000000000e+00 0.000000000000000000e+00
1.098996655518394618e+02 0.000000000000000000e+00 0.000000000000000000e+00 0.000000000000000000e+00 0.000000000000000000e+00 0.000000000000000000e+00 3.946264583170179530e-02 7.020111631860941337e-01 2.585261909822033077e-01 0.000000000000000000e+00 0.000000000000000000e+00 0.000000000000000000e+00
1.102675585284280828e+02 0.000000000000000000e+00 0.000000000000000000e+00 0.000000000000000000e+00 0.000000000000000000e+00 0.000000000000000000e+00 3.145937964899708783e-02 6.879173611033437830e-01 2.806232592476584631e-01 0.000000000000000000e+00 0.000000000000000000e+00 0.000000000000000000e+00
1.106354515050167180e+02 0.000000000000000000e+00 0.000000000000000000e+00 0.000000000000000000e+00 0.000000000000000000e+00 0.000000000000000000e+00 2.436214360018321493e-02 6.720114987528105210e-01 3.036263576470055181e-01 0.000000000000000000e+00 0.000000000000000000e+00 0.000000000000000000e+00
1.110033444816053532e+02 0.000000000000000000e+00 0.000000000000000000e+00 0.000000000000000000e+00 0.000000000000000000e+00 0.000000000000000000e+00 1.817093768526048536e-02 6.542935761344950141e-01 3.275354861802438622e-01 0.000000000000000000e+00 0.000000000000000000e+00 0.000000000000000000e+00
1.113712374581939741e+02 0.000000000000000000e+00 0.000000000000000000e+00 0.000000000000000000e+00 0.000000000000000000e+00 0.000000000000000000e+00 1.288576190422910384e-02 6.347635932483979282e-01 3.523506448473723296e-01 0.000000000000000000e+00 0.000000000000000000e+00 0.000000000000000000e+00
1.117391304347826093e+02 0.000000000000000000e+00 0.000000000000000000e+00 0.000000000000000000e+00 0.000000000000000000e+00 0.000000000000000000e+00 8.506616257088650546e-03 6.134215500945177091e-01 3.780718336483928632e-01 0.000000000000000000e+00 0.000000000000000000e+00 0.000000000000000000e+00
1.121070234113712303e+02 0.000000000000000000e+00 0.000000000000000000e+00 0.000000000000000000e+00 0.000000000000000000e+00 0.000000000000000000e+00 5.033500743839464629e-03 5.902674466728562441e-01 4.046990525833035202e-01 0.000000000000000000e+00 0.000000000000000000e+00 0.000000000000000000e+00
1.124749163879598655e+02 0.000000000000000000e+00 0.000000000000000000e+00 0.000000000000000000e+00 0.000000000000000000e+00 0.000000000000000000e+00 2.466415364481280674e-03 5.653012829834116459e-01 4.322323016521062988e-01 0.000000000000000000e+00 0.000000000000000000e+00 0.000000000000000000e+00
1.128428093645484864e+02 0.000000000000000000e+00 0.000000000000000000e+00 0.000000000000000000e+00 0.000000000000000000e+00 0.000000000000000000e+00 8.053601190142955710e-04 5.385230590261858019e-01 4.606715808547992008e-01 0.000000000000000000e+00 0.000000000000000000e+00 0.000000000000000000e+00
1.132107023411371216e+02 0.000000000000000000e+00 0.000000000000000000e+00 0.000000000000000000e+00 0.000000000000000000e+00 0.000000000000000000e+00 5.033500743838181124e-05 5.099327748011764916e-01 4.900168901913842245e-01 0.000000000000000000e+00 0.000000000000000000e+00 0.000000000000000000e+00
1.135785953177257426e+02 0.000000000000000000e+00 0.000000000000000000e+00 0.000000000000000000e+00 0.000000000000000000e+00 0.000000000000000000e+00 0.000000000000000000e+00 4.801344503976470168e-01 5.196642095725986232e-01 2.013400297535737843e-04 0.000000000000000000e+00 0.000000000000000000e+00
1.139464882943143778e+02 0.000000000000000000e+00 0.000000000000000000e+00 0.000000000000000000e+00 0.000000000000000000e+00 0.000000000000000000e+00 0.000000000000000000e+00 4.510911511056922008e-01 5.476504737083470742e-01 1.258375185959894563e-03 0.000000000000000000e+00 0.000000000000000000e+00
1.143143812709029987e+02 0.000000000000000000e+00 0.000000000000000000e+00 0.000000000000000000e+00 0.000000000000000000e+00 0.000000000000000000e+00 0.000000000000000000e+00 4.229538819476296729e-01 5.738246775763123919e-01 3.221440476057274224e-03 0.000000000000000000e+00 0.000000000000000000e+00
1.146822742474916339e+02 0.000000000000000000e+00 0.000000000000000000e+00 0.000000000000000000e+00 0.000000000000000000e+00 0.000000000000000000e+00 0.000000000000000000e+00 3.957226429234571574e-01 5.981868211764962417e-01 6.090535900045863579e-03 0.000000000000000000e+00 0.000000000000000000e+00
1.150501672240802691e+02 0.000000000000000000e+00 0.000000000000000000e+00 0.000000000000000000e+00 0.000000000000000000e+00 0.000000000000000000e+00 0.000000000000000000e+00 3.693974340331758754e-01 6.207369045088978465e-01 9.865661457925604949e-03 0.000000000000000000e+00 0.000000000000000000e+00
1.154180602006688900e+02 0.000000000000000000e+00 0.000000000000000000e+00 0.000000000000000000e+00 0.000000000000000000e+00 0.000000000000000000e+00 0.000000000000000000e+00 3.439782552767866597e-01 6.414749275735165401e-01 1.454681714969630231e-02 0.000000000000000000e+00 0.000000000000000000e+00
1.157859531772575252e+02 0.000000000000000000e+00 0.000000000000000000e+00 0.000000000000000000e+00 0.000000000000000000e+00 0.000000000000000000e+00 0.000000000000000000e+00 3.194651066542875673e-01 6.604008903703535438e-01 2.013400297535831301e-02 0.000000000000000000e+00 0.000000000000000000e+00
1.161538461538461462e+02 0.000000000000000000e+00 0.000000000000000000e+00 0.000000000000000000e+00 0.000000000000000000e+00 0.000000000000000000e+00 0.000000000000000000e+00 2.958579881656805410e-01 6.775147928994077473e-01 2.662721893491121206e-02 0.000000000000000000e+00 0.000000000000000000e+00
1.165217391304347814e+02 0.000000000000000000e+00 0.000000000000000000e+00 0.000000000000000000e+00 0.000000000000000000e+00 0.000000000000000000e+00 0.000000000000000000e+00 2.731568998109637492e-01 6.928166351606803719e-01 3.402646502835548342e-02 0.000000000000000000e+00 0.000000000000000000e+00
1.168896321070234023e+02 0.000000000000000000e+00 0.000000000000000000e+00 0.000000000000000000e+00 0.000000000000000000e+00 0.000000000000000000e+00 0.000000000000000000e+00 2.513618415901389125e-01 7.063064171541700853e-01 4.233174125569057894e-02 0.000000000000000000e+00 0.000000000000000000e+00
1.172575250836120375e+02 0.000000000000000000e+00 0.000000000000000000e+00 0.000000000000000000e+00 0.000000000000000000e+00 0.000000000000000000e+00 0.000000000000000000e+00 2.304728135032044212e-01 7.179841388798782198e-01 5.154304761691713699e-02 0.000000000000000000e+00 0.000000000000000000e+00
1.176254180602006585e+02 0.000000000000000000e+00 0.000000000000000000e+00 0.000000000000000000e+00 0.000000000000000000e+00 0.000000000000000000e+00 0.000000000000000000e+00 2.104898155501618018e-01 7.278498003378035541e-01 6.166038411203442204e-02 0.000000000000000000e+00 0.000000000000000000e+00
1.179933110367892937e+02 0.000000000000000000e+00 0.000000000000000000e+00 0.000000000000000000e+00 0.000000000000000000e+00 0.000000000000000000e+00 0.000000000000000000e+00 1.914128477310095278e-01 7.359034015279470875e-01 7.268375074104324596e-02 0.000000000000000000e+00 0.000000000000000000e+00
1.183612040133779146e+02 0.000000000000000000e+00 0.000000000000000000e+00 0.000000000000000000e+00 0.000000000000000000e+00 0.000000000000000000e+00 0.000000000000000000e+00 1.732419100457490979e-01 7.421449424503079317e-01 8.461314750394273443e-02 0.000000000000000000e+00 0.000000000000000000e+00
1.187290969899665498e+02 0.000000000000000000e+00 0.000000000000000000e+00 0.000000000000000000e+00 0.000000000000000000e+00 0.000000000000000000e+00 0.000000000000000000e+00 1.559770024943791245e-01 7.465744231048869750e-01 9.744857440073381727e-02 0.000000000000000000e+00 0.000000000000000000e+00
1.190969899665551850e+02 0.000000000000000000e+00 0.000000000000000000e+00 0.000000000000000000e+00 0.000000000000000000e+00 0.000000000000000000e+00 0.000000000000000000e+00 1.396181250769002735e-01 7.491918434916836622e-01 1.111900314314160643e-01 0.000000000000000000e+00 0.000000000000000000e+00
1.194648829431438060e+02 0.000000000000000000e+00 0.000000000000000000e+00 0.000000000000000000e+00 0.000000000000000000e+00 0.000000000000000000e+00 0.000000000000000000e+00 1.241652777933131974e-01 7.499972036106978823e-01 1.258375185959888787e-01 0.000000000000000000e+00 0.000000000000000000e+00
1.198327759197324411e+02 0.000000000000000000e+00 0.000000000000000000e+00 0.000000000000000000e+00 0.000000000000000000e+00 0.000000000000000000e+00 0.000000000000000000e+00 1.096184606436166331e-01 7.489905034619300794e-01 1.413910358944533707e-01 0.000000000000000000e+00 0.000000000000000000e+00
1.202006688963210621e+02 0.000000000000000000e+00 0.000000000000000000e+00 0.000000000000000000e+00 0.000000000000000000e+00 0.000000000000000000e+00 0.000000000000000000e+00 9.597767362781174649e-02 7.461717430453800315e-01 1.578505833268083747e-01 0.000000000000000000e+00 0.000000000000000000e+00
1.205685618729096973e+02 0.000000000000000000e+00 0.000000000000000000e+00 0.000000000000000000e+00 0.000000000000000000e+00 0.000000000000000000e+00 0.000000000000000000e+00 8.324291674589744117e-02 7.415409223610476275e-01 1.752161608930551395e-01 0.000000000000000000e+00 0.000000000000000000e+00
1.209364548494983183e+02 0.000000000000000000e+00 0.000000000000000000e+00 0.000000000000000000e+00 0.000000000000000000e+00 0.000000000000000000e+00 0.000000000000000000e+00 7.141418999787474409e-02 7.350980414089332005e-01 1.934877685931923608e-01 0.000000000000000000e+00 0.000000000000000000e+00
1.213043478260869534e+02 0.000000000000000000e+00 0.000000000000000000e+00 0.000000000000000000e+00 0.000000000000000000e+00 0.000000000000000000e+00 0.000000000000000000e+00 6.049149338374271156e-02 7.268431001890360843e-01 2.126654064272214262e-01 0.000000000000000000e+00 0.000000000000000000e+00
1.216722408026755744e+02 0.000000000000000000e+00 0.000000000000000000e+00 0.000000000000000000e+00 0.000000000000000000e+00 0.000000000000000000e+00 0.000000000000000000e+00 5.047482690350221790e-02 7.167760987013572782e-01 2.327490743951408370e-01 0.000000000000000000e+00 0.000000000000000000e+00
1.220401337792642096e+02 0.000000000000000000e+00 0.000000000000000000e+00 0.000000000000000000e+00 0.000000000000000000e+00 0.000000000000000000e+00 0.000000000000000000e+00 4.136419055715246512e-02 7.048970369458957830e-01 2.537387724969521474e-01 0.000000000000000000e+00 0.000000000000000000e+00
1.224080267558528305e+02 0.000000000000000000e+00 0.000000000000000000e+00 0.000000000000000000e+00 0.000000000000000000e+00 0.000000000000000000e+00 0.000000000000000000e+00 3.315958434469416793e-02 6.912059149226525978e-01 2.756345007326537200e-01 0.000000000000000000e+00 0.000000000000000000e+00
1.227759197324414657e+02 0.000000000000000000e+00 0.000000000000000000e+00 0.000000000000000000e+00 0.000000000000000000e+00 0.000000000000000000e+00 0.000000000000000000e+00 2.586100826612668449e-02 6.757027326316265015e-01 2.984362591022473032e-01 0.000000000000000000e+00 0.000000000000000000e+00
1.231438127090301009e+02 0.000000000000000000e+00 0.000000000000000000e+00 0.000000000000000000e+00 0.000000000000000000e+00 0.000000000000000000e+00 0.000000000000000000e+00 1.946846232145035480e-02 6.583874900728180490e-01 3.221440476057321201e-01 0.000000000000000000e+00 0.000000000000000000e+00
1.235117056856187219e+02 0.000000000000000000e+00 0.000000000000000000e+00 0.000000000000000000e+00 0.000000000000000000e+00 0.000000000000000000e+00 0.000000000000000000e+00 1.398194651066537141e-02 6.392601872462282397e-01 3.467578662431070047e-01 0.000000000000000000e+00 0.000000000000000000e+00
1.238795986622073571e+02 0.000000000000000000e+00 0.000000000000000000e+00 0.000000000000000000e+00 0.000000000000000000e+00 0.000000000000000000e+00 0.000000000000000000e+00 9.401460833771314515e-03 6.183208241518554082e-01 3.722777150143740110e-01 0.000000000000000000e+00 0.000000000000000000e+00
1.242474916387959780e+02 0.000000000000000000e+00 0.000000000000000000e+00 0.000000000000000000e+00 0.000000000000000000e+00 0.000000000000000000e+00 0.000000000000000000e+00 5.727005290768531938e-03 5.955694007897009978e-01 3.987035939195311407e-01 0.000000000000000000e+00 0.000000000000000000e+00
1.246153846153846132e+02 0.000000000000000000e+00 0.000000000000000000e+00 0.000000000000000000e+00 0.000000000000000000e+00 0.000000000000000000e+00 0.000000000000000000e+00 2.958579881656743082e-03 5.710059171597636762e-01 4.260355029585803921e-01 0.000000000000000000e+00 0.000000000000000000e+00
1.249832775919732342e+02 0.000000000000000000e+00 0.000000000000000000e+00 0.000000000000000000e+00 0.000000000000000000e+00 0.000000000000000000e+00 0.000000000000000000e+00 1.096184606436160884e-03 5.446303732620448868e-01 4.542734421315197113e-01 0.000000000000000000e+00 0.000000000000000000e+00
1.253511705685618693e+02 0.000000000000000000e+00 0.000000000000000000e+00 0.000000000000000000e+00 0.000000000000000000e+00 0.000000000000000000e+00 0.000000000000000000e+00 1.398194651066420947e-04 5.164427690965429640e-01 4.834174114383512633e-01 0.000000000000000000e+00 0.000000000000000000e+00
1.257190635451504903e+02 0.000000000000000000e+00 0.000000000000000000e+00 0.000000000000000000e+00 0.000000000000000000e+00 0.000000000000000000e+00 0.000000000000000000e+00 0.000000000000000000e+00 4.867115580362646465e-01 5.131989575060679210e-01 8.948445766824465058e-05 0.000000000000000000e+00
1.260869565217391255e+02 0.000000000000000000e+00 0.000000000000000000e+00 0.000000000000000000e+00 0.000000000000000000e+00 0.000000000000000000e+00 0.000000000000000000e+00 0.000000000000000000e+00 4.574669187145563032e-01 5.415879017013235375e-01 9.451795841209603526e-04 0.000000000000000000e+00
1.264548494983277607e+02 0.000000000000000000e+00 0.000000000000000000e+00 0.000000000000000000e+00 0.000000000000000000e+00 0.000000000000000000e+00 0.000000000000000000e+00 0.000000000000000000e+00 4.291283095267390268e-01 5.681647856287967979e-01 2.706904844464828354e-03 0.000000000000000000e+00
1.268227424749163816e+02 0.000000000000000000e+00 0.000000000000000000e+00 0.000000000000000000e+00 0.000000000000000000e+00 0.000000000000000000e+00 0.000000000000000000e+00 0.000000000000000000e+00 4.016957304728140388e-01 5.929296092884868141e-01 5.374660238699727373e-03 0.000000000000000000e+00
1.271906354515050168e+02 0.000000000000000000e+00 0.000000000000000000e+00 0.000000000000000000e+00 0.000000000000000000e+00 0.000000000000000000e+00 0.000000000000000000e+00 0.000000000000000000e+00 3.751691815527791185e-01 6.158823726803955845e-01 8.948445766825864275e-03 0.000000000000000000e+00
1.275585284280936378e+02 0.000000000000000000e+00 0.000000000000000000e+00 0.000000000000000000e+00 0.000000000000000000e+00 0.000000000000000000e+00 0.000000000000000000e+00 0.000000000000000000e+00 3.495486627666362645e-01 6.370230758045212216e-01 1.342826142884296324e-02 0.000000000000000000e+00
1.279264214046822730e+02 0.000000000000000000e+00 0.000000000000000000e+00 0.000000000000000000e+00 0.000000000000000000e+00 0.000000000000000000e+00 0.000000000000000000e+00 0.000000000000000000e+00 3.248341741143835892e-01 6.563517186608653908e-01 1.881410722475137035e-02 0.000000000000000000e+00
1.282943143812709081e+02 0.000000000000000000e+00 0.000000000000000000e+00 0.000000000000000000e+00 0.000000000000000000e+00 0.000000000000000000e+00 0.000000000000000000e+00 0.000000000000000000e+00 3.010257155960220921e-01 6.738683012494273150e-01 2.510598315455092600e-02 0.000000000000000000e+00
1.286622073578595291e+02 0.000000000000000000e+00 0.000000000000000000e+00 0.000000000000000000e+00 0.000000000000000000e+00 0.000000000000000000e+00 0.000000000000000000e+00 0.000000000000000000e+00 2.781232872115525501e-01 6.895728235702063280e-01 3.230388921824134396e-02 0.000000000000000000e+00
1.290301003344481501e+02 0.000000000000000000e+00 0.000000000000000000e+00 0.000000000000000000e+00 0.000000000000000000e+00 0.000000000000000000e+00 0.000000000000000000e+00 0.000000000000000000e+00 2.561268889609741861e-01 7.034652856232032070e-01 4.040782541582284282e-02 0.000000000000000000e+00
1.293979933110367710e+02 0.000000000000000000e+00 0.000000000000000000e+00 0.000000000000000000e+00 0.000000000000000000e+00 0.000000000000000000e+00 0.000000000000000000e+00 0.000000000000000000e+00 2.350365208442868337e-01 7.155456874084178409e-01 4.941779174729541563e-02 0.000000000000000000e+00
1.297658862876253920e+02 0.000000000000000000e+00 0.000000000000000000e+00 0.000000000000000000e+00 0.000000000000000000e+00 0.000000000000000000e+00 0.000000000000000000e+00 0.000000000000000000e+00 2.148521828614905760e-01 7.258140289258503408e-01 5.933378821265908321e-02 0.000000000000000000e+00
1.301337792642140414e+02 0.000000000000000000e+00 0.000000000000000000e+00 0.000000000000000000e+00 0.000000000000000000e+00 0.000000000000000000e+00 0.000000000000000000e+00 0.000000000000000000e+00 1.955738750125839698e-01 7.342703101755013728e-01 7.015581481191469904e-02 0.000000000000000000e+00
1.305016722408026908e+02 0.000000000000000000e+00 0.000000000000000000e+00 0.000000000000000000e+00 0.000000000000000000e+00 0.000000000000000000e+00 0.000000000000000000e+00 0.000000000000000000e+00 1.772015972975685416e-01 7.409145311573699377e-01 8.188387154506153454e-02 0.000000000000000000e+00
1.308695652173913118e+02 0.000000000000000000e+00 0.000000000000000000e+00 0.000000000000000000e+00 0.000000000000000000e+00 0.000000000000000000e+00 0.000000000000000000e+00 0.000000000000000000e+00 1.597353497164457070e-01 7.457466918714557025e-01 9.451795841209857663e-02 0.000000000000000000e+00
1.312374581939799327e+02 0.000000000000000000e+00 0.000000000000000000e+00 0.000000000000000000e+00 0.000000000000000000e+00 0.000000000000000000e+00 0.000000000000000000e+00 0.000000000000000000e+00 1.431751322692139117e-01 7.487667923177592222e-01 1.080580754130266996e-01 0.000000000000000000e+00
1.316053511705685537e+02 0.000000000000000000e+00 0.000000000000000000e+00 0.000000000000000000e+00 0.000000000000000000e+00 0.000000000000000000e+00 0.000000000000000000e+00 0.000000000000000000e+00 1.275209449558732111e-01 7.499748324962807189e-01 1.225042225478459174e-01 0.000000000000000000e+00
1.319732441471571747e+02 0.000000000000000000e+00 0.000000000000000000e+00 0.000000000000000000e+00 0.000000000000000000e+00 0.000000000000000000e+00 0.000000000000000000e+00 0.000000000000000000e+00 1.127727877764236053e-01 7.493708124070199705e-01 1.378563998165562021e-01 0.000000000000000000e+00
1.323411371237457956e+02 0.000000000000000000e+00 0.000000000000000000e+00 0.000000000000000000e+00 0.000000000000000000e+00 0.000000000000000000e+00 0.000000000000000000e+00 0.000000000000000000e+00 9.893066073086508039e-02 7.469547320499771992e-01 1.541146072191575678e-01 0.000000000000000000e+00
1.327090301003344450e+02 0.000000000000000000e+00 0.000000000000000000e+00 0.000000000000000000e+00 0.000000000000000000e+00 0.000000000000000000e+00 0.000000000000000000e+00 0.000000000000000000e+00 8.599456381919666492e-02 7.427265914251517387e-01 1.712788447556514160e-01 0.000000000000000000e+00
1.330769230769230660e+02 0.000000000000000000e+00 0.000000000000000000e+00 0.000000000000000000e+00 0.000000000000000000e+00 0.000000000000000000e+00 0.000000000000000000e+00 0.000000000000000000e+00 7.396449704142035730e-02 7.366863905325444772e-01 1.893491124260350267e-01 0.000000000000000000e+00
1.334448160535117154e+02 0.000000000000000000e+00 0.000000000000000000e+00 0.000000000000000000e+00 0.000000000000000000e+00 0.000000000000000000e+00 0.000000000000000000e+00 0.000000000000000000e+00 6.284046039753432566e-02 7.288341293721541936e-01 2.083254102303112032e-01 0.000000000000000000e+00
1.338127090301003363e+02 0.000000000000000000e+00 0.000000000000000000e+00 0.000000000000000000e+00 0.000000000000000000e+00 0.000000000000000000e+00 0.000000000000000000e+00 0.000000000000000000e+00 5.262245388754025616e-02 7.191698079439824420e-01 2.282077381684770312e-01 0.000000000000000000e+00
1.341806020066889573e+02 0.000000000000000000e+00 0.000000000000000000e+00 0.000000000000000000e+00 0.000000000000000000e+00 0.000000000000000000e+00 0.000000000000000000e+00 0.000000000000000000e+00 4.331047751143727448e-02 7.076934262480284454e-01 2.489960962405339817e-01 0.000000000000000000e+00
1.345484949832775783e+02 0.000000000000000000e+00 0.000000000000000000e+00 0.000000000000000000e+00 0.000000000000000000e+00 0.000000000000000000e+00 0.000000000000000000e+00 0.000000000000000000e+00 3.490453126922538063e-02 6.944049842842924258e-01 2.706904844464820270e-01 0.000000000000000000e+00
1.349163879598661993e+02 0.000000000000000000e+00 0.000000000000000000e+00 0.000000000000000000e+00 0.000000000000000000e+00 0.000000000000000000e+00 0.000000000000000000e+00 0.000000000000000000e+00 2.740461516090456420e-02 6.793044820527741612e-01 2.932909027863210283e-01 0.000000000000000000e+00
1.352842809364548486e+02 0.000000000000000000e+00 0.000000000000000000e+00 0.000000000000000000e+00 0.000000000000000000e+00 0.000000000000000000e+00 0.000000000000000000e+00 0.000000000000000000e+00 2.081072918647436029e-02 6.623919195534723192e-01 3.167973512600530950e-01 0.000000000000000000e+00
1.356521739130434696e+02 0.000000000000000000e+00 0.000000000000000000e+00 0.000000000000000000e+00 0.000000000000000000e+00 0.000000000000000000e+00 0.000000000000000000e+00 0.000000000000000000e+00 1.512287334593578024e-02 6.436672967863894534e-01 3.412098298676743413e-01 0.000000000000000000e+00
1.360200668896321190e+02 0.000000000000000000e+00 0.000000000000000000e+00 0.000000000000000000e+00 0.000000000000000000e+00 0.000000000000000000e+00 0.000000000000000000e+00 0.000000000000000000e+00 1.034104763928794801e-02 6.231306137515228993e-01 3.665283386091888196e-01 0.000000000000000000e+00
1.363879598662207400e+02 0.000000000000000000e+00 0.000000000000000000e+00 0.000000000000000000e+00 0.000000000000000000e+00 0.000000000000000000e+00 0.000000000000000000e+00 0.000000000000000000e+00 6.465252066531604336e-03 6.007818704488757655e-01 3.927528774845923665e-01 0.000000000000000000e+00
1.367558528428093609e+02 0.000000000000000000e+00 0.000000000000000000e+00 0.000000000000000000e+00 0.000000000000000000e+00 0.000000000000000000e+00 0.000000000000000000e+00 0.000000000000000000e+00 3.495486627666342851e-03 5.766210668784462756e-01 4.198834464938870359e-01 0.000000000000000000e+00
1.371237458193979819e+02 0.000000000000000000e+00 0.000000000000000000e+00 0.000000000000000000e+00 0.000000000000000000e+00 0.000000000000000000e+00 0.000000000000000000e+00 0.000000000000000000e+00 1.431751322692163993e-03 5.506482030402347627e-01 4.479200456370727723e-01 0.000000000000000000e+00
1.374916387959866029e+02 0.000000000000000000e+00 0.000000000000000000e+00 0.000000000000000000e+00 0.000000000000000000e+00 0.000000000000000000e+00 0.000000000000000000e+00 0.000000000000000000e+00 2.740461516090674345e-04 5.228632789342411158e-01 4.768626749141495202e-01 0.000000000000000000e+00
1.378595317725752238e+02 0.000000000000000000e+00 0.000000000000000000e+00 0.000000000000000000e+00 0.000000000000000000e+00 0.000000000000000000e+00 0.000000000000000000e+00 0.000000000000000000e+00 0.000000000000000000e+00 4.933334079037163811e-01 5.066218498674491810e-01 4.474222883410668568e-05
1.382274247491638732e+02 0.000000000000000000e+00 0.000000000000000000e+00 0.000000000000000000e+00 0.000000000000000000e+00 0.000000000000000000e+00 0.000000000000000000e+00 0.000000000000000000e+00 0.000000000000000000e+00 4.638874285522533447e-01 5.347591190255139848e-01 1.353452422232411792e-03
1.385953177257525226e+02 0.000000000000000000e+00 0.000000000000000000e+00 0.000000000000000000e+00 0.000000000000000000e+00 0.000000000000000000e+00 0.000000000000000000e+00 0.000000000000000000e+00 0.000000000000000000e+00 4.353474793346814864e-01 5.601782977819050879e-01 4.474222883413157652e-03
1.389632107023411436e+02 0.000000000000000000e+00 0.000000000000000000e+00 0.000000000000000000e+00 0.000000000000000000e+00 0.000000000000000000e+00 0.000000000000000000e+00 0.000000000000000000e+00 0.000000000000000000e+00 4.077135602510029710e-01 5.828793861366208251e-01 9.407053612375891605e-03
1.393311036789297646e+02 0.000000000000000000e+00 0.000000000000000000e+00 0.000000000000000000e+00 0.000000000000000000e+00 0.000000000000000000e+00 0.000000000000000000e+00 0.000000000000000000e+00 0.000000000000000000e+00 3.809856713012155782e-01 6.028623840896634167e-01 1.615194460912078994e-02
1.396989966555183855e+02 0.000000000000000000e+00 0.000000000000000000e+00 0.000000000000000000e+00 0.000000000000000000e+00 0.000000000000000000e+00 0.000000000000000000e+00 0.000000000000000000e+00 0.000000000000000000e+00 3.551638124853192524e-01 6.201272916410327518e-01 2.470889587364785006e-02
1.400668896321070065e+02 0.000000000000000000e+00 0.000000000000000000e+00 0.000000000000000000e+00 0.000000000000000000e+00 0.000000000000000000e+00 0.000000000000000000e+00 0.000000000000000000e+00 0.000000000000000000e+00 3.302479838033139936e-01 6.346741087907288303e-01 3.507790740595706502e-02
1.404347826086956275e+02 0.000000000000000000e+00 0.000000000000000000e+00 0.000000000000000000e+00 0.000000000000000000e+00 0.000000000000000000e+00 0.000000000000000000e+00 0.000000000000000000e+00 0.000000000000000000e+00 3.062381852551997463e-01 6.465028355387515413e-01 4.725897920604844871e-02
1.408026755852842768e+02 0.000000000000000000e+00 0.000000000000000000e+00 0.000000000000000000e+00 0.000000000000000000e+00 0.000000000000000000e+00 0.000000000000000000e+00 0.000000000000000000e+00 0.000000000000000000e+00 2.831344168409749007e-01 6.556134718851017729e-01 6.125211127392314603e-02
1.411705685618728978e+02 0.000000000000000000e+00 0.000000000000000000e+00 0.000000000000000000e+00 0.000000000000000000e+00 0.000000000000000000e+00 0.000000000000000000e+00 0.000000000000000000e+00 0.000000000000000000e+00 2.609366785606429540e-01 6.620060178297779707e-01 7.705730360957899205e-02
1.415384615384615472e+02 0.000000000000000000e+00 0.000000000000000000e+00 0.000000000000000000e+00 0.000000000000000000e+00 0.000000000000000000e+00 0.000000000000000000e+00 0.000000000000000000e+00 0.000000000000000000e+00 2.396449704142004089e-01 6.656804733727810230e-01 9.467455621301841540e-02
1.419063545150501682e+02 0.000000000000000000e+00 0.000000000000000000e+00 0.000000000000000000e+00 0.000000000000000000e+00 0.000000000000000000e+00 0.000000000000000000e+00 0.000000000000000000e+00 0.000000000000000000e+00 2.192592924016507072e-01 6.666368385141103747e-01 1.141038690842387099e-01
1.422742474916387891e+02 0.000000000000000000e+00 0.000000000000000000e+00 0.000000000000000000e+00 0.000000000000000000e+00 0.000000000000000000e+00 0.000000000000000000e+00 0.000000000000000000e+00 0.000000000000000000e+00 1.997796445229920448e-01 6.648751132537666919e-01 1.353452422232411800e-01
1.426421404682274101e+02 0.000000000000000000e+00 0.000000000000000000e+00 0.000000000000000000e+00 0.000000000000000000e+00 0.000000000000000000e+00 0.000000000000000000e+00 0.000000000000000000e+00 0.000000000000000000e+00 1.812060267782245049e-01 6.603952975917496415e-01 1.583986756300257981e-01
1.430100334448160311e+02 0.000000000000000000e+00 0.000000000000000000e+00 0.000000000000000000e+00 0.000000000000000000e+00 0.000000000000000000e+00 0.000000000000000000e+00 0.000000000000000000e+00 0.000000000000000000e+00 1.635384391673480042e-01 6.531973915280593346e-01 1.832641693045926057e-01
1.433779264214046805e+02 0.000000000000000000e+00 0.000000000000000000e+00 0.000000000000000000e+00 0.000000000000000000e+00 0.000000000000000000e+00 0.000000000000000000e+00 0.000000000000000000e+00 0.000000000000000000e+00 1.467768816903613494e-01 6.432813950626948829e-01 2.099417232469436567e-01
1.437458193979933014e+02 0.000000000000000000e+00 0.000000000000000000e+00 0.000000000000000000e+00 0.000000000000000000e+00 0.000000000000000000e+00 0.000000000000000000e+00 0.000000000000000000e+00 0.000000000000000000e+00 1.309213543472670660e-01 6.306473081956579518e-01 2.384313374570749267e-01
1.441137123745819508e+02 0.000000000000000000e+00 0.000000000000000000e+00 0.000000000000000000e+00 0.000000000000000000e+00 0.000000000000000000e+00 0.000000000000000000e+00 0.000000000000000000e+00 0.000000000000000000e+00 1.159718571380627811e-01 6.152951309269464319e-01 2.687330119349907176e-01
1.444816053511705718e+02 0.000000000000000000e+00 0.000000000000000000e+00 0.000000000000000000e+00 0.000000000000000000e+00 0.000000000000000000e+00 0.000000000000000000e+00 0.000000000000000000e+00 0.000000000000000000e+00 1.019283900627507428e-01 5.972248632565626547e-01 3.008467466806864499e-01
1.448494983277591928e+02 0.000000000000000000e+00 0.000000000000000000e+00 0.000000000000000000e+00 0.000000000000000000e+00 0.000000000000000000e+00 0.000000000000000000e+00 0.000000000000000000e+00 0.000000000000000000e+00 8.879095312132981310e-02 5.764365051845058430e-01 3.347725416941643162e-01
1.452173913043478137e+02 0.000000000000000000e+00 0.000000000000000000e+00 0.000000000000000000e+00 0.000000000000000000e+00 0.000000000000000000e+00 0.000000000000000000e+00 0.000000000000000000e+00 0.000000000000000000e+00 7.655954631379993658e-02 5.529300567107755526e-01 3.705103969754243165e-01
1.455852842809364347e+02 0.000000000000000000e+00 0.000000000000000000e+00 0.000000000000000000e+00 0.000000000000000000e+00 0.000000000000000000e+00 0.000000000000000000e+00 0.000000000000000000e+00 0.000000000000000000e+00 6.523416964016115482e-02 5.267055178353723388e-01 4.080603125244665619e-01
1.459531772575250841e+02 0.000000000000000000e+00 0.000000000000000000e+00 0.000000000000000000e+00 0.000000000000000000e+00 0.000000000000000000e+00 0.000000000000000000e+00 0.000000000000000000e+00 0.000000000000000000e+00 5.481482310041267680e-02 4.977628885582933149e-01 4.474222883412940499e-01
1.463210702341137051e+02 0.000000000000000000e+00 0.000000000000000000e+00 0.000000000000000000e+00 0.000000000000000000e+00 0.000000000000000000e+00 0.000000000000000000e+00 0.000000000000000000e+00 0.000000000000000000e+00 4.530150669455612622e-02 4.661021688795432549e-01 4.885963244259006188e-01
1.466889632107023544e+02 0.000000000000000000e+00 0.000000000000000000e+00 0.000000000000000000e+00 0.000000000000000000e+00 0.000000000000000000e+00 0.000000000000000000e+00 0.000000000000000000e+00 0.000000000000000000e+00 3.669422042259001815e-02 4.317233587991170518e-01 5.315824207782927635e-01
1.470568561872909754e+02 0.000000000000000000e+00 0.000000000000000000e+00 0.000000000000000000e+00 0.000000000000000000e+00 0.000000000000000000e+00 0.000000000000000000e+00 0.000000000000000000e+00 0.000000000000000000e+00 2.899296428451569527e-02 3.946264583170203677e-01 5.763805773984640446e-01
1.474247491638795964e+02 0.000000000000000000e+00 0.000000000000000000e+00 0.000000000000000000e+00 0.000000000000000000e+00 0.000000000000000000e+00 0.000000000000000000e+00 0.000000000000000000e+00 0.000000000000000000e+00 2.219773828033245328e-02 3.548114674332503160e-01 6.229907942864172377e-01
1.477926421404682173e+02 0.000000000000000000e+00 0.000000000000000000e+00 0.000000000000000000e+00 0.000000000000000000e+00 0.000000000000000000e+00 0.000000000000000000e+00 0.000000000000000000e+00 0.000000000000000000e+00 1.630854241004028871e-02 3.122783861478070078e-01 6.714130714421526758e-01
1.481605351170568383e+02 0.000000000000000000e+00 0.000000000000000000e+00 0.000000000000000000e+00 0.000000000000000000e+00 0.000000000000000000e+00 0.000000000000000000e+00 0.000000000000000000e+00 0.000000000000000000e+00 1.132537667363920329e-02 2.670272144606904430e-01 7.216474088656702479e-01
1.485284280936454593e+02 0.000000000000000000e+00 0.000000000000000000e+00 0.000000000000000000e+00 0.000000000000000000e+00 0.000000000000000000e+00 0.000000000000000000e+00 0.000000000000000000e+00 0.000000000000000000e+00 7.248241071129204842e-03 2.190579523719007604e-01 7.736938065569700651e-01
1.488963210702341087e+02 0.000000000000000000e+00 0.000000000000000000e+00 0.000000000000000000e+00 0.000000000000000000e+00 0.000000000000000000e+00 0.000000000000000000e+00 0.000000000000000000e+00 0.000000000000000000e+00 4.077135602510072176e-03 1.683705998814337135e-01 8.275522645160562352e-01
1.492642140468227296e+02 0.000000000000000000e+00 0.000000000000000000e+00 0.000000000000000000e+00 0.000000000000000000e+00 0.000000000000000000e+00 0.000000000000000000e+00 0.000000000000000000e+00 0.000000000000000000e+00 1.812060267782301210e-03 1.149651569892972680e-01 8.832227827429203204e-01
1.496321070234113790e+02 0.000000000000000000e+00 0.000000000000000000e+00 0.000000000000000000e+00 0.000000000000000000e+00 0.000000000000000000e+00 0.000000000000000000e+00 0.000000000000000000e+00 0.000000000000000000e+00 4.530150669455402287e-04 5.884162369548313898e-02 9.407053612375714247e-01
1.500000000000000000e+02 0.000000000000000000e+00 0.000000000000000000e+00 0.000000000000000000e+00 0.000000000000000000e+00 0.000000000000000000e+00 0.000000000000000000e+00 0.000000000000000000e+00 0.000000000000000000e+00 0.000000000000000000e+00 0.000000000000000000e+00 0.000000000000000000e+00
